1250
1 31.1224620483094 1.12246204830937 4 -10 0 0
1 31.1224620483094 2.24492409661875 4 -10 0 0
1 31.1224620483094 3.36738614492812 4 -10 0 0
1 31.1224620483094 4.48984819323749 4 -10 0 0
1 31.1224620483094 5.61231024154687 4 -10 0 0
1 31.1224620483094 6.73477228985624 4 -10 0 0
1 31.1224620483094 7.85723433816561 4 -10 0 0
1 31.1224620483094 8.97969638647498 4 -10 0 0
1 31.1224620483094 10.1021584347844 4 -10 0 0
1 31.1224620483094 11.2246204830937 4 -10 0 0
1 31.1224620483094 12.3470825314031 4 -10 0 0
1 31.1224620483094 13.4695445797125 4 -10 0 0
1 31.1224620483094 14.5920066280218 4 -10 0 0
1 31.1224620483094 15.7144686763312 4 -10 0 0
1 31.1224620483094 16.8369307246406 4 -10 0 0
1 31.1224620483094 17.95939277295 4 -10 0 0
1 31.1224620483094 19.0818548212593 4 -10 0 0
1 31.1224620483094 20.2043168695687 4 -10 0 0
1 31.1224620483094 21.3267789178781 4 -10 0 0
1 31.1224620483094 22.4492409661875 4 -10 0 0
1 31.1224620483094 23.5717030144968 4 -10 0 0
1 31.1224620483094 24.6941650628062 4 -10 0 0
1 31.1224620483094 25.8166271111156 4 -10 0 0
1 31.1224620483094 26.939089159425 4 -10 0 0
1 31.1224620483094 28.0615512077343 4 -10 0 0
1 32.2449240966187 1.12246204830937 4 -10 0 0
1 32.2449240966187 2.24492409661875 4 -10 0 0
1 32.2449240966187 3.36738614492812 4 -10 0 0
1 32.2449240966187 4.48984819323749 4 -10 0 0
1 32.2449240966187 5.61231024154687 4 -10 0 0
1 32.2449240966187 6.73477228985624 4 -10 0 0
1 32.2449240966187 7.85723433816561 4 -10 0 0
1 32.2449240966187 8.97969638647498 4 -10 0 0
1 32.2449240966187 10.1021584347844 4 -10 0 0
1 32.2449240966187 11.2246204830937 4 -10 0 0
1 32.2449240966187 12.3470825314031 4 -10 0 0
1 32.2449240966187 13.4695445797125 4 -10 0 0
1 32.2449240966187 14.5920066280218 4 -10 0 0
1 32.2449240966187 15.7144686763312 4 -10 0 0
1 32.2449240966187 16.8369307246406 4 -10 0 0
1 32.2449240966187 17.95939277295 4 -10 0 0
1 32.2449240966187 19.0818548212593 4 -10 0 0
1 32.2449240966187 20.2043168695687 4 -10 0 0
1 32.2449240966187 21.3267789178781 4 -10 0 0
1 32.2449240966187 22.4492409661875 4 -10 0 0
1 32.2449240966187 23.5717030144968 4 -10 0 0
1 32.2449240966187 24.6941650628062 4 -10 0 0
1 32.2449240966187 25.8166271111156 4 -10 0 0
1 32.2449240966187 26.939089159425 4 -10 0 0
1 32.2449240966187 28.0615512077343 4 -10 0 0
1 33.3673861449281 1.12246204830937 4 -10 0 0
1 33.3673861449281 2.24492409661875 4 -10 0 0
1 33.3673861449281 3.36738614492812 4 -10 0 0
1 33.3673861449281 4.48984819323749 4 -10 0 0
1 33.3673861449281 5.61231024154687 4 -10 0 0
1 33.3673861449281 6.73477228985624 4 -10 0 0
1 33.3673861449281 7.85723433816561 4 -10 0 0
1 33.3673861449281 8.97969638647498 4 -10 0 0
1 33.3673861449281 10.1021584347844 4 -10 0 0
1 33.3673861449281 11.2246204830937 4 -10 0 0
1 33.3673861449281 12.3470825314031 4 -10 0 0
1 33.3673861449281 13.4695445797125 4 -10 0 0
1 33.3673861449281 14.5920066280218 4 -10 0 0
1 33.3673861449281 15.7144686763312 4 -10 0 0
1 33.3673861449281 16.8369307246406 4 -10 0 0
1 33.3673861449281 17.95939277295 4 -10 0 0
1 33.3673861449281 19.0818548212593 4 -10 0 0
1 33.3673861449281 20.2043168695687 4 -10 0 0
1 33.3673861449281 21.3267789178781 4 -10 0 0
1 33.3673861449281 22.4492409661875 4 -10 0 0
1 33.3673861449281 23.5717030144968 4 -10 0 0
1 33.3673861449281 24.6941650628062 4 -10 0 0
1 33.3673861449281 25.8166271111156 4 -10 0 0
1 33.3673861449281 26.939089159425 4 -10 0 0
1 33.3673861449281 28.0615512077343 4 -10 0 0
1 34.4898481932375 1.12246204830937 4 -10 0 0
1 34.4898481932375 2.24492409661875 4 -10 0 0
1 34.4898481932375 3.36738614492812 4 -10 0 0
1 34.4898481932375 4.48984819323749 4 -10 0 0
1 34.4898481932375 5.61231024154687 4 -10 0 0
1 34.4898481932375 6.73477228985624 4 -10 0 0
1 34.4898481932375 7.85723433816561 4 -10 0 0
1 34.4898481932375 8.97969638647498 4 -10 0 0
1 34.4898481932375 10.1021584347844 4 -10 0 0
1 34.4898481932375 11.2246204830937 4 -10 0 0
1 34.4898481932375 12.3470825314031 4 -10 0 0
1 34.4898481932375 13.4695445797125 4 -10 0 0
1 34.4898481932375 14.5920066280218 4 -10 0 0
1 34.4898481932375 15.7144686763312 4 -10 0 0
1 34.4898481932375 16.8369307246406 4 -10 0 0
1 34.4898481932375 17.95939277295 4 -10 0 0
1 34.4898481932375 19.0818548212593 4 -10 0 0
1 34.4898481932375 20.2043168695687 4 -10 0 0
1 34.4898481932375 21.3267789178781 4 -10 0 0
1 34.4898481932375 22.4492409661875 4 -10 0 0
1 34.4898481932375 23.5717030144968 4 -10 0 0
1 34.4898481932375 24.6941650628062 4 -10 0 0
1 34.4898481932375 25.8166271111156 4 -10 0 0
1 34.4898481932375 26.939089159425 4 -10 0 0
1 34.4898481932375 28.0615512077343 4 -10 0 0
1 35.6123102415469 1.12246204830937 4 -10 0 0
1 35.6123102415469 2.24492409661875 4 -10 0 0
1 35.6123102415469 3.36738614492812 4 -10 0 0
1 35.6123102415469 4.48984819323749 4 -10 0 0
1 35.6123102415469 5.61231024154687 4 -10 0 0
1 35.6123102415469 6.73477228985624 4 -10 0 0
1 35.6123102415469 7.85723433816561 4 -10 0 0
1 35.6123102415469 8.97969638647498 4 -10 0 0
1 35.6123102415469 10.1021584347844 4 -10 0 0
1 35.6123102415469 11.2246204830937 4 -10 0 0
1 35.6123102415469 12.3470825314031 4 -10 0 0
1 35.6123102415469 13.4695445797125 4 -10 0 0
1 35.6123102415469 14.5920066280218 4 -10 0 0
1 35.6123102415469 15.7144686763312 4 -10 0 0
1 35.6123102415469 16.8369307246406 4 -10 0 0
1 35.6123102415469 17.95939277295 4 -10 0 0
1 35.6123102415469 19.0818548212593 4 -10 0 0
1 35.6123102415469 20.2043168695687 4 -10 0 0
1 35.6123102415469 21.3267789178781 4 -10 0 0
1 35.6123102415469 22.4492409661875 4 -10 0 0
1 35.6123102415469 23.5717030144968 4 -10 0 0
1 35.6123102415469 24.6941650628062 4 -10 0 0
1 35.6123102415469 25.8166271111156 4 -10 0 0
1 35.6123102415469 26.939089159425 4 -10 0 0
1 35.6123102415469 28.0615512077343 4 -10 0 0
1 36.7347722898562 1.12246204830937 4 -10 0 0
1 36.7347722898562 2.24492409661875 4 -10 0 0
1 36.7347722898562 3.36738614492812 4 -10 0 0
1 36.7347722898562 4.48984819323749 4 -10 0 0
1 36.7347722898562 5.61231024154687 4 -10 0 0
1 36.7347722898562 6.73477228985624 4 -10 0 0
1 36.7347722898562 7.85723433816561 4 -10 0 0
1 36.7347722898562 8.97969638647498 4 -10 0 0
1 36.7347722898562 10.1021584347844 4 -10 0 0
1 36.7347722898562 11.2246204830937 4 -10 0 0
1 36.7347722898562 12.3470825314031 4 -10 0 0
1 36.7347722898562 13.4695445797125 4 -10 0 0
1 36.7347722898562 14.5920066280218 4 -10 0 0
1 36.7347722898562 15.7144686763312 4 -10 0 0
1 36.7347722898562 16.8369307246406 4 -10 0 0
1 36.7347722898562 17.95939277295 4 -10 0 0
1 36.7347722898562 19.0818548212593 4 -10 0 0
1 36.7347722898562 20.2043168695687 4 -10 0 0
1 36.7347722898562 21.3267789178781 4 -10 0 0
1 36.7347722898562 22.4492409661875 4 -10 0 0
1 36.7347722898562 23.5717030144968 4 -10 0 0
1 36.7347722898562 24.6941650628062 4 -10 0 0
1 36.7347722898562 25.8166271111156 4 -10 0 0
1 36.7347722898562 26.939089159425 4 -10 0 0
1 36.7347722898562 28.0615512077343 4 -10 0 0
1 37.8572343381656 1.12246204830937 4 -10 0 0
1 37.8572343381656 2.24492409661875 4 -10 0 0
1 37.8572343381656 3.36738614492812 4 -10 0 0
1 37.8572343381656 4.48984819323749 4 -10 0 0
1 37.8572343381656 5.61231024154687 4 -10 0 0
1 37.8572343381656 6.73477228985624 4 -10 0 0
1 37.8572343381656 7.85723433816561 4 -10 0 0
1 37.8572343381656 8.97969638647498 4 -10 0 0
1 37.8572343381656 10.1021584347844 4 -10 0 0
1 37.8572343381656 11.2246204830937 4 -10 0 0
1 37.8572343381656 12.3470825314031 4 -10 0 0
1 37.8572343381656 13.4695445797125 4 -10 0 0
1 37.8572343381656 14.5920066280218 4 -10 0 0
1 37.8572343381656 15.7144686763312 4 -10 0 0
1 37.8572343381656 16.8369307246406 4 -10 0 0
1 37.8572343381656 17.95939277295 4 -10 0 0
1 37.8572343381656 19.0818548212593 4 -10 0 0
1 37.8572343381656 20.2043168695687 4 -10 0 0
1 37.8572343381656 21.3267789178781 4 -10 0 0
1 37.8572343381656 22.4492409661875 4 -10 0 0
1 37.8572343381656 23.5717030144968 4 -10 0 0
1 37.8572343381656 24.6941650628062 4 -10 0 0
1 37.8572343381656 25.8166271111156 4 -10 0 0
1 37.8572343381656 26.939089159425 4 -10 0 0
1 37.8572343381656 28.0615512077343 4 -10 0 0
1 38.979696386475 1.12246204830937 4 -10 0 0
1 38.979696386475 2.24492409661875 4 -10 0 0
1 38.979696386475 3.36738614492812 4 -10 0 0
1 38.979696386475 4.48984819323749 4 -10 0 0
1 38.979696386475 5.61231024154687 4 -10 0 0
1 38.979696386475 6.73477228985624 4 -10 0 0
1 38.979696386475 7.85723433816561 4 -10 0 0
1 38.979696386475 8.97969638647498 4 -10 0 0
1 38.979696386475 10.1021584347844 4 -10 0 0
1 38.979696386475 11.2246204830937 4 -10 0 0
1 38.979696386475 12.3470825314031 4 -10 0 0
1 38.979696386475 13.4695445797125 4 -10 0 0
1 38.979696386475 14.5920066280218 4 -10 0 0
1 38.979696386475 15.7144686763312 4 -10 0 0
1 38.979696386475 16.8369307246406 4 -10 0 0
1 38.979696386475 17.95939277295 4 -10 0 0
1 38.979696386475 19.0818548212593 4 -10 0 0
1 38.979696386475 20.2043168695687 4 -10 0 0
1 38.979696386475 21.3267789178781 4 -10 0 0
1 38.979696386475 22.4492409661875 4 -10 0 0
1 38.979696386475 23.5717030144968 4 -10 0 0
1 38.979696386475 24.6941650628062 4 -10 0 0
1 38.979696386475 25.8166271111156 4 -10 0 0
1 38.979696386475 26.939089159425 4 -10 0 0
1 38.979696386475 28.0615512077343 4 -10 0 0
1 40.1021584347844 1.12246204830937 4 -10 0 0
1 40.1021584347844 2.24492409661875 4 -10 0 0
1 40.1021584347844 3.36738614492812 4 -10 0 0
1 40.1021584347844 4.48984819323749 4 -10 0 0
1 40.1021584347844 5.61231024154687 4 -10 0 0
1 40.1021584347844 6.73477228985624 4 -10 0 0
1 40.1021584347844 7.85723433816561 4 -10 0 0
1 40.1021584347844 8.97969638647498 4 -10 0 0
1 40.1021584347844 10.1021584347844 4 -10 0 0
1 40.1021584347844 11.2246204830937 4 -10 0 0
1 40.1021584347844 12.3470825314031 4 -10 0 0
1 40.1021584347844 13.4695445797125 4 -10 0 0
1 40.1021584347844 14.5920066280218 4 -10 0 0
1 40.1021584347844 15.7144686763312 4 -10 0 0
1 40.1021584347844 16.8369307246406 4 -10 0 0
1 40.1021584347844 17.95939277295 4 -10 0 0
1 40.1021584347844 19.0818548212593 4 -10 0 0
1 40.1021584347844 20.2043168695687 4 -10 0 0
1 40.1021584347844 21.3267789178781 4 -10 0 0
1 40.1021584347844 22.4492409661875 4 -10 0 0
1 40.1021584347844 23.5717030144968 4 -10 0 0
1 40.1021584347844 24.6941650628062 4 -10 0 0
1 40.1021584347844 25.8166271111156 4 -10 0 0
1 40.1021584347844 26.939089159425 4 -10 0 0
1 40.1021584347844 28.0615512077343 4 -10 0 0
1 41.2246204830937 1.12246204830937 4 -10 0 0
1 41.2246204830937 2.24492409661875 4 -10 0 0
1 41.2246204830937 3.36738614492812 4 -10 0 0
1 41.2246204830937 4.48984819323749 4 -10 0 0
1 41.2246204830937 5.61231024154687 4 -10 0 0
1 41.2246204830937 6.73477228985624 4 -10 0 0
1 41.2246204830937 7.85723433816561 4 -10 0 0
1 41.2246204830937 8.97969638647498 4 -10 0 0
1 41.2246204830937 10.1021584347844 4 -10 0 0
1 41.2246204830937 11.2246204830937 4 -10 0 0
1 41.2246204830937 12.3470825314031 4 -10 0 0
1 41.2246204830937 13.4695445797125 4 -10 0 0
1 41.2246204830937 14.5920066280218 4 -10 0 0
1 41.2246204830937 15.7144686763312 4 -10 0 0
1 41.2246204830937 16.8369307246406 4 -10 0 0
1 41.2246204830937 17.95939277295 4 -10 0 0
1 41.2246204830937 19.0818548212593 4 -10 0 0
1 41.2246204830937 20.2043168695687 4 -10 0 0
1 41.2246204830937 21.3267789178781 4 -10 0 0
1 41.2246204830937 22.4492409661875 4 -10 0 0
1 41.2246204830937 23.5717030144968 4 -10 0 0
1 41.2246204830937 24.6941650628062 4 -10 0 0
1 41.2246204830937 25.8166271111156 4 -10 0 0
1 41.2246204830937 26.939089159425 4 -10 0 0
1 41.2246204830937 28.0615512077343 4 -10 0 0
1 42.3470825314031 1.12246204830937 4 -10 0 0
1 42.3470825314031 2.24492409661875 4 -10 0 0
1 42.3470825314031 3.36738614492812 4 -10 0 0
1 42.3470825314031 4.48984819323749 4 -10 0 0
1 42.3470825314031 5.61231024154687 4 -10 0 0
1 42.3470825314031 6.73477228985624 4 -10 0 0
1 42.3470825314031 7.85723433816561 4 -10 0 0
1 42.3470825314031 8.97969638647498 4 -10 0 0
1 42.3470825314031 10.1021584347844 4 -10 0 0
1 42.3470825314031 11.2246204830937 4 -10 0 0
1 42.3470825314031 12.3470825314031 4 -10 0 0
1 42.3470825314031 13.4695445797125 4 -10 0 0
1 42.3470825314031 14.5920066280218 4 -10 0 0
1 42.3470825314031 15.7144686763312 4 -10 0 0
1 42.3470825314031 16.8369307246406 4 -10 0 0
1 42.3470825314031 17.95939277295 4 -10 0 0
1 42.3470825314031 19.0818548212593 4 -10 0 0
1 42.3470825314031 20.2043168695687 4 -10 0 0
1 42.3470825314031 21.3267789178781 4 -10 0 0
1 42.3470825314031 22.4492409661875 4 -10 0 0
1 42.3470825314031 23.5717030144968 4 -10 0 0
1 42.3470825314031 24.6941650628062 4 -10 0 0
1 42.3470825314031 25.8166271111156 4 -10 0 0
1 42.3470825314031 26.939089159425 4 -10 0 0
1 42.3470825314031 28.0615512077343 4 -10 0 0
1 43.4695445797125 1.12246204830937 4 -10 0 0
1 43.4695445797125 2.24492409661875 4 -10 0 0
1 43.4695445797125 3.36738614492812 4 -10 0 0
1 43.4695445797125 4.48984819323749 4 -10 0 0
1 43.4695445797125 5.61231024154687 4 -10 0 0
1 43.4695445797125 6.73477228985624 4 -10 0 0
1 43.4695445797125 7.85723433816561 4 -10 0 0
1 43.4695445797125 8.97969638647498 4 -10 0 0
1 43.4695445797125 10.1021584347844 4 -10 0 0
1 43.4695445797125 11.2246204830937 4 -10 0 0
1 43.4695445797125 12.3470825314031 4 -10 0 0
1 43.4695445797125 13.4695445797125 4 -10 0 0
1 43.4695445797125 14.5920066280218 4 -10 0 0
1 43.4695445797125 15.7144686763312 4 -10 0 0
1 43.4695445797125 16.8369307246406 4 -10 0 0
1 43.4695445797125 17.95939277295 4 -10 0 0
1 43.4695445797125 19.0818548212593 4 -10 0 0
1 43.4695445797125 20.2043168695687 4 -10 0 0
1 43.4695445797125 21.3267789178781 4 -10 0 0
1 43.4695445797125 22.4492409661875 4 -10 0 0
1 43.4695445797125 23.5717030144968 4 -10 0 0
1 43.4695445797125 24.6941650628062 4 -10 0 0
1 43.4695445797125 25.8166271111156 4 -10 0 0
1 43.4695445797125 26.939089159425 4 -10 0 0
1 43.4695445797125 28.0615512077343 4 -10 0 0
1 44.5920066280218 1.12246204830937 4 -10 0 0
1 44.5920066280218 2.24492409661875 4 -10 0 0
1 44.5920066280218 3.36738614492812 4 -10 0 0
1 44.5920066280218 4.48984819323749 4 -10 0 0
1 44.5920066280218 5.61231024154687 4 -10 0 0
1 44.5920066280218 6.73477228985624 4 -10 0 0
1 44.5920066280218 7.85723433816561 4 -10 0 0
1 44.5920066280218 8.97969638647498 4 -10 0 0
1 44.5920066280218 10.1021584347844 4 -10 0 0
1 44.5920066280218 11.2246204830937 4 -10 0 0
1 44.5920066280218 12.3470825314031 4 -10 0 0
1 44.5920066280218 13.4695445797125 4 -10 0 0
1 44.5920066280218 14.5920066280218 4 -10 0 0
1 44.5920066280218 15.7144686763312 4 -10 0 0
1 44.5920066280218 16.8369307246406 4 -10 0 0
1 44.5920066280218 17.95939277295 4 -10 0 0
1 44.5920066280218 19.0818548212593 4 -10 0 0
1 44.5920066280218 20.2043168695687 4 -10 0 0
1 44.5920066280218 21.3267789178781 4 -10 0 0
1 44.5920066280218 22.4492409661875 4 -10 0 0
1 44.5920066280218 23.5717030144968 4 -10 0 0
1 44.5920066280218 24.6941650628062 4 -10 0 0
1 44.5920066280218 25.8166271111156 4 -10 0 0
1 44.5920066280218 26.939089159425 4 -10 0 0
1 44.5920066280218 28.0615512077343 4 -10 0 0
1 45.7144686763312 1.12246204830937 4 -10 0 0
1 45.7144686763312 2.24492409661875 4 -10 0 0
1 45.7144686763312 3.36738614492812 4 -10 0 0
1 45.7144686763312 4.48984819323749 4 -10 0 0
1 45.7144686763312 5.61231024154687 4 -10 0 0
1 45.7144686763312 6.73477228985624 4 -10 0 0
1 45.7144686763312 7.85723433816561 4 -10 0 0
1 45.7144686763312 8.97969638647498 4 -10 0 0
1 45.7144686763312 10.1021584347844 4 -10 0 0
1 45.7144686763312 11.2246204830937 4 -10 0 0
1 45.7144686763312 12.3470825314031 4 -10 0 0
1 45.7144686763312 13.4695445797125 4 -10 0 0
1 45.7144686763312 14.5920066280218 4 -10 0 0
1 45.7144686763312 15.7144686763312 4 -10 0 0
1 45.7144686763312 16.8369307246406 4 -10 0 0
1 45.7144686763312 17.95939277295 4 -10 0 0
1 45.7144686763312 19.0818548212593 4 -10 0 0
1 45.7144686763312 20.2043168695687 4 -10 0 0
1 45.7144686763312 21.3267789178781 4 -10 0 0
1 45.7144686763312 22.4492409661875 4 -10 0 0
1 45.7144686763312 23.5717030144968 4 -10 0 0
1 45.7144686763312 24.6941650628062 4 -10 0 0
1 45.7144686763312 25.8166271111156 4 -10 0 0
1 45.7144686763312 26.939089159425 4 -10 0 0
1 45.7144686763312 28.0615512077343 4 -10 0 0
1 46.8369307246406 1.12246204830937 4 -10 0 0
1 46.8369307246406 2.24492409661875 4 -10 0 0
1 46.8369307246406 3.36738614492812 4 -10 0 0
1 46.8369307246406 4.48984819323749 4 -10 0 0
1 46.8369307246406 5.61231024154687 4 -10 0 0
1 46.8369307246406 6.73477228985624 4 -10 0 0
1 46.8369307246406 7.85723433816561 4 -10 0 0
1 46.8369307246406 8.97969638647498 4 -10 0 0
1 46.8369307246406 10.1021584347844 4 -10 0 0
1 46.8369307246406 11.2246204830937 4 -10 0 0
1 46.8369307246406 12.3470825314031 4 -10 0 0
1 46.8369307246406 13.4695445797125 4 -10 0 0
1 46.8369307246406 14.5920066280218 4 -10 0 0
1 46.8369307246406 15.7144686763312 4 -10 0 0
1 46.8369307246406 16.8369307246406 4 -10 0 0
1 46.8369307246406 17.95939277295 4 -10 0 0
1 46.8369307246406 19.0818548212593 4 -10 0 0
1 46.8369307246406 20.2043168695687 4 -10 0 0
1 46.8369307246406 21.3267789178781 4 -10 0 0
1 46.8369307246406 22.4492409661875 4 -10 0 0
1 46.8369307246406 23.5717030144968 4 -10 0 0
1 46.8369307246406 24.6941650628062 4 -10 0 0
1 46.8369307246406 25.8166271111156 4 -10 0 0
1 46.8369307246406 26.939089159425 4 -10 0 0
1 46.8369307246406 28.0615512077343 4 -10 0 0
1 47.95939277295 1.12246204830937 4 -10 0 0
1 47.95939277295 2.24492409661875 4 -10 0 0
1 47.95939277295 3.36738614492812 4 -10 0 0
1 47.95939277295 4.48984819323749 4 -10 0 0
1 47.95939277295 5.61231024154687 4 -10 0 0
1 47.95939277295 6.73477228985624 4 -10 0 0
1 47.95939277295 7.85723433816561 4 -10 0 0
1 47.95939277295 8.97969638647498 4 -10 0 0
1 47.95939277295 10.1021584347844 4 -10 0 0
1 47.95939277295 11.2246204830937 4 -10 0 0
1 47.95939277295 12.3470825314031 4 -10 0 0
1 47.95939277295 13.4695445797125 4 -10 0 0
1 47.95939277295 14.5920066280218 4 -10 0 0
1 47.95939277295 15.7144686763312 4 -10 0 0
1 47.95939277295 16.8369307246406 4 -10 0 0
1 47.95939277295 17.95939277295 4 -10 0 0
1 47.95939277295 19.0818548212593 4 -10 0 0
1 47.95939277295 20.2043168695687 4 -10 0 0
1 47.95939277295 21.3267789178781 4 -10 0 0
1 47.95939277295 22.4492409661875 4 -10 0 0
1 47.95939277295 23.5717030144968 4 -10 0 0
1 47.95939277295 24.6941650628062 4 -10 0 0
1 47.95939277295 25.8166271111156 4 -10 0 0
1 47.95939277295 26.939089159425 4 -10 0 0
1 47.95939277295 28.0615512077343 4 -10 0 0
1 49.0818548212593 1.12246204830937 4 -10 0 0
1 49.0818548212593 2.24492409661875 4 -10 0 0
1 49.0818548212593 3.36738614492812 4 -10 0 0
1 49.0818548212593 4.48984819323749 4 -10 0 0
1 49.0818548212593 5.61231024154687 4 -10 0 0
1 49.0818548212593 6.73477228985624 4 -10 0 0
1 49.0818548212593 7.85723433816561 4 -10 0 0
1 49.0818548212593 8.97969638647498 4 -10 0 0
1 49.0818548212593 10.1021584347844 4 -10 0 0
1 49.0818548212593 11.2246204830937 4 -10 0 0
1 49.0818548212593 12.3470825314031 4 -10 0 0
1 49.0818548212593 13.4695445797125 4 -10 0 0
1 49.0818548212593 14.5920066280218 4 -10 0 0
1 49.0818548212593 15.7144686763312 4 -10 0 0
1 49.0818548212593 16.8369307246406 4 -10 0 0
1 49.0818548212593 17.95939277295 4 -10 0 0
1 49.0818548212593 19.0818548212593 4 -10 0 0
1 49.0818548212593 20.2043168695687 4 -10 0 0
1 49.0818548212593 21.3267789178781 4 -10 0 0
1 49.0818548212593 22.4492409661875 4 -10 0 0
1 49.0818548212593 23.5717030144968 4 -10 0 0
1 49.0818548212593 24.6941650628062 4 -10 0 0
1 49.0818548212593 25.8166271111156 4 -10 0 0
1 49.0818548212593 26.939089159425 4 -10 0 0
1 49.0818548212593 28.0615512077343 4 -10 0 0
1 50.2043168695687 1.12246204830937 4 -10 0 0
1 50.2043168695687 2.24492409661875 4 -10 0 0
1 50.2043168695687 3.36738614492812 4 -10 0 0
1 50.2043168695687 4.48984819323749 4 -10 0 0
1 50.2043168695687 5.61231024154687 4 -10 0 0
1 50.2043168695687 6.73477228985624 4 -10 0 0
1 50.2043168695687 7.85723433816561 4 -10 0 0
1 50.2043168695687 8.97969638647498 4 -10 0 0
1 50.2043168695687 10.1021584347844 4 -10 0 0
1 50.2043168695687 11.2246204830937 4 -10 0 0
1 50.2043168695687 12.3470825314031 4 -10 0 0
1 50.2043168695687 13.4695445797125 4 -10 0 0
1 50.2043168695687 14.5920066280218 4 -10 0 0
1 50.2043168695687 15.7144686763312 4 -10 0 0
1 50.2043168695687 16.8369307246406 4 -10 0 0
1 50.2043168695687 17.95939277295 4 -10 0 0
1 50.2043168695687 19.0818548212593 4 -10 0 0
1 50.2043168695687 20.2043168695687 4 -10 0 0
1 50.2043168695687 21.3267789178781 4 -10 0 0
1 50.2043168695687 22.4492409661875 4 -10 0 0
1 50.2043168695687 23.5717030144968 4 -10 0 0
1 50.2043168695687 24.6941650628062 4 -10 0 0
1 50.2043168695687 25.8166271111156 4 -10 0 0
1 50.2043168695687 26.939089159425 4 -10 0 0
1 50.2043168695687 28.0615512077343 4 -10 0 0
1 51.3267789178781 1.12246204830937 4 -10 0 0
1 51.3267789178781 2.24492409661875 4 -10 0 0
1 51.3267789178781 3.36738614492812 4 -10 0 0
1 51.3267789178781 4.48984819323749 4 -10 0 0
1 51.3267789178781 5.61231024154687 4 -10 0 0
1 51.3267789178781 6.73477228985624 4 -10 0 0
1 51.3267789178781 7.85723433816561 4 -10 0 0
1 51.3267789178781 8.97969638647498 4 -10 0 0
1 51.3267789178781 10.1021584347844 4 -10 0 0
1 51.3267789178781 11.2246204830937 4 -10 0 0
1 51.3267789178781 12.3470825314031 4 -10 0 0
1 51.3267789178781 13.4695445797125 4 -10 0 0
1 51.3267789178781 14.5920066280218 4 -10 0 0
1 51.3267789178781 15.7144686763312 4 -10 0 0
1 51.3267789178781 16.8369307246406 4 -10 0 0
1 51.3267789178781 17.95939277295 4 -10 0 0
1 51.3267789178781 19.0818548212593 4 -10 0 0
1 51.3267789178781 20.2043168695687 4 -10 0 0
1 51.3267789178781 21.3267789178781 4 -10 0 0
1 51.3267789178781 22.4492409661875 4 -10 0 0
1 51.3267789178781 23.5717030144968 4 -10 0 0
1 51.3267789178781 24.6941650628062 4 -10 0 0
1 51.3267789178781 25.8166271111156 4 -10 0 0
1 51.3267789178781 26.939089159425 4 -10 0 0
1 51.3267789178781 28.0615512077343 4 -10 0 0
1 52.4492409661875 1.12246204830937 4 -10 0 0
1 52.4492409661875 2.24492409661875 4 -10 0 0
1 52.4492409661875 3.36738614492812 4 -10 0 0
1 52.4492409661875 4.48984819323749 4 -10 0 0
1 52.4492409661875 5.61231024154687 4 -10 0 0
1 52.4492409661875 6.73477228985624 4 -10 0 0
1 52.4492409661875 7.85723433816561 4 -10 0 0
1 52.4492409661875 8.97969638647498 4 -10 0 0
1 52.4492409661875 10.1021584347844 4 -10 0 0
1 52.4492409661875 11.2246204830937 4 -10 0 0
1 52.4492409661875 12.3470825314031 4 -10 0 0
1 52.4492409661875 13.4695445797125 4 -10 0 0
1 52.4492409661875 14.5920066280218 4 -10 0 0
1 52.4492409661875 15.7144686763312 4 -10 0 0
1 52.4492409661875 16.8369307246406 4 -10 0 0
1 52.4492409661875 17.95939277295 4 -10 0 0
1 52.4492409661875 19.0818548212593 4 -10 0 0
1 52.4492409661875 20.2043168695687 4 -10 0 0
1 52.4492409661875 21.3267789178781 4 -10 0 0
1 52.4492409661875 22.4492409661875 4 -10 0 0
1 52.4492409661875 23.5717030144968 4 -10 0 0
1 52.4492409661875 24.6941650628062 4 -10 0 0
1 52.4492409661875 25.8166271111156 4 -10 0 0
1 52.4492409661875 26.939089159425 4 -10 0 0
1 52.4492409661875 28.0615512077343 4 -10 0 0
1 53.5717030144968 1.12246204830937 4 -10 0 0
1 53.5717030144968 2.24492409661875 4 -10 0 0
1 53.5717030144968 3.36738614492812 4 -10 0 0
1 53.5717030144968 4.48984819323749 4 -10 0 0
1 53.5717030144968 5.61231024154687 4 -10 0 0
1 53.5717030144968 6.73477228985624 4 -10 0 0
1 53.5717030144968 7.85723433816561 4 -10 0 0
1 53.5717030144968 8.97969638647498 4 -10 0 0
1 53.5717030144968 10.1021584347844 4 -10 0 0
1 53.5717030144968 11.2246204830937 4 -10 0 0
1 53.5717030144968 12.3470825314031 4 -10 0 0
1 53.5717030144968 13.4695445797125 4 -10 0 0
1 53.5717030144968 14.5920066280218 4 -10 0 0
1 53.5717030144968 15.7144686763312 4 -10 0 0
1 53.5717030144968 16.8369307246406 4 -10 0 0
1 53.5717030144968 17.95939277295 4 -10 0 0
1 53.5717030144968 19.0818548212593 4 -10 0 0
1 53.5717030144968 20.2043168695687 4 -10 0 0
1 53.5717030144968 21.3267789178781 4 -10 0 0
1 53.5717030144968 22.4492409661875 4 -10 0 0
1 53.5717030144968 23.5717030144968 4 -10 0 0
1 53.5717030144968 24.6941650628062 4 -10 0 0
1 53.5717030144968 25.8166271111156 4 -10 0 0
1 53.5717030144968 26.939089159425 4 -10 0 0
1 53.5717030144968 28.0615512077343 4 -10 0 0
1 54.6941650628062 1.12246204830937 4 -10 0 0
1 54.6941650628062 2.24492409661875 4 -10 0 0
1 54.6941650628062 3.36738614492812 4 -10 0 0
1 54.6941650628062 4.48984819323749 4 -10 0 0
1 54.6941650628062 5.61231024154687 4 -10 0 0
1 54.6941650628062 6.73477228985624 4 -10 0 0
1 54.6941650628062 7.85723433816561 4 -10 0 0
1 54.6941650628062 8.97969638647498 4 -10 0 0
1 54.6941650628062 10.1021584347844 4 -10 0 0
1 54.6941650628062 11.2246204830937 4 -10 0 0
1 54.6941650628062 12.3470825314031 4 -10 0 0
1 54.6941650628062 13.4695445797125 4 -10 0 0
1 54.6941650628062 14.5920066280218 4 -10 0 0
1 54.6941650628062 15.7144686763312 4 -10 0 0
1 54.6941650628062 16.8369307246406 4 -10 0 0
1 54.6941650628062 17.95939277295 4 -10 0 0
1 54.6941650628062 19.0818548212593 4 -10 0 0
1 54.6941650628062 20.2043168695687 4 -10 0 0
1 54.6941650628062 21.3267789178781 4 -10 0 0
1 54.6941650628062 22.4492409661875 4 -10 0 0
1 54.6941650628062 23.5717030144968 4 -10 0 0
1 54.6941650628062 24.6941650628062 4 -10 0 0
1 54.6941650628062 25.8166271111156 4 -10 0 0
1 54.6941650628062 26.939089159425 4 -10 0 0
1 54.6941650628062 28.0615512077343 4 -10 0 0
1 55.8166271111156 1.12246204830937 4 -10 0 0
1 55.8166271111156 2.24492409661875 4 -10 0 0
1 55.8166271111156 3.36738614492812 4 -10 0 0
1 55.8166271111156 4.48984819323749 4 -10 0 0
1 55.8166271111156 5.61231024154687 4 -10 0 0
1 55.8166271111156 6.73477228985624 4 -10 0 0
1 55.8166271111156 7.85723433816561 4 -10 0 0
1 55.8166271111156 8.97969638647498 4 -10 0 0
1 55.8166271111156 10.1021584347844 4 -10 0 0
1 55.8166271111156 11.2246204830937 4 -10 0 0
1 55.8166271111156 12.3470825314031 4 -10 0 0
1 55.8166271111156 13.4695445797125 4 -10 0 0
1 55.8166271111156 14.5920066280218 4 -10 0 0
1 55.8166271111156 15.7144686763312 4 -10 0 0
1 55.8166271111156 16.8369307246406 4 -10 0 0
1 55.8166271111156 17.95939277295 4 -10 0 0
1 55.8166271111156 19.0818548212593 4 -10 0 0
1 55.8166271111156 20.2043168695687 4 -10 0 0
1 55.8166271111156 21.3267789178781 4 -10 0 0
1 55.8166271111156 22.4492409661875 4 -10 0 0
1 55.8166271111156 23.5717030144968 4 -10 0 0
1 55.8166271111156 24.6941650628062 4 -10 0 0
1 55.8166271111156 25.8166271111156 4 -10 0 0
1 55.8166271111156 26.939089159425 4 -10 0 0
1 55.8166271111156 28.0615512077343 4 -10 0 0
1 56.939089159425 1.12246204830937 4 -10 0 0
1 56.939089159425 2.24492409661875 4 -10 0 0
1 56.939089159425 3.36738614492812 4 -10 0 0
1 56.939089159425 4.48984819323749 4 -10 0 0
1 56.939089159425 5.61231024154687 4 -10 0 0
1 56.939089159425 6.73477228985624 4 -10 0 0
1 56.939089159425 7.85723433816561 4 -10 0 0
1 56.939089159425 8.97969638647498 4 -10 0 0
1 56.939089159425 10.1021584347844 4 -10 0 0
1 56.939089159425 11.2246204830937 4 -10 0 0
1 56.939089159425 12.3470825314031 4 -10 0 0
1 56.939089159425 13.4695445797125 4 -10 0 0
1 56.939089159425 14.5920066280218 4 -10 0 0
1 56.939089159425 15.7144686763312 4 -10 0 0
1 56.939089159425 16.8369307246406 4 -10 0 0
1 56.939089159425 17.95939277295 4 -10 0 0
1 56.939089159425 19.0818548212593 4 -10 0 0
1 56.939089159425 20.2043168695687 4 -10 0 0
1 56.939089159425 21.3267789178781 4 -10 0 0
1 56.939089159425 22.4492409661875 4 -10 0 0
1 56.939089159425 23.5717030144968 4 -10 0 0
1 56.939089159425 24.6941650628062 4 -10 0 0
1 56.939089159425 25.8166271111156 4 -10 0 0
1 56.939089159425 26.939089159425 4 -10 0 0
1 56.939089159425 28.0615512077343 4 -10 0 0
1 58.0615512077343 1.12246204830937 4 -10 0 0
1 58.0615512077343 2.24492409661875 4 -10 0 0
1 58.0615512077343 3.36738614492812 4 -10 0 0
1 58.0615512077343 4.48984819323749 4 -10 0 0
1 58.0615512077343 5.61231024154687 4 -10 0 0
1 58.0615512077343 6.73477228985624 4 -10 0 0
1 58.0615512077343 7.85723433816561 4 -10 0 0
1 58.0615512077343 8.97969638647498 4 -10 0 0
1 58.0615512077343 10.1021584347844 4 -10 0 0
1 58.0615512077343 11.2246204830937 4 -10 0 0
1 58.0615512077343 12.3470825314031 4 -10 0 0
1 58.0615512077343 13.4695445797125 4 -10 0 0
1 58.0615512077343 14.5920066280218 4 -10 0 0
1 58.0615512077343 15.7144686763312 4 -10 0 0
1 58.0615512077343 16.8369307246406 4 -10 0 0
1 58.0615512077343 17.95939277295 4 -10 0 0
1 58.0615512077343 19.0818548212593 4 -10 0 0
1 58.0615512077343 20.2043168695687 4 -10 0 0
1 58.0615512077343 21.3267789178781 4 -10 0 0
1 58.0615512077343 22.4492409661875 4 -10 0 0
1 58.0615512077343 23.5717030144968 4 -10 0 0
1 58.0615512077343 24.6941650628062 4 -10 0 0
1 58.0615512077343 25.8166271111156 4 -10 0 0
1 58.0615512077343 26.939089159425 4 -10 0 0
1 58.0615512077343 28.0615512077343 4 -10 0 0
1 28.8775379516906 1.12246204830937 4 10 0 0
1 28.8775379516906 2.24492409661875 4 10 0 0
1 28.8775379516906 3.36738614492812 4 10 0 0
1 28.8775379516906 4.48984819323749 4 10 0 0
1 28.8775379516906 5.61231024154687 4 10 0 0
1 28.8775379516906 6.73477228985624 4 10 0 0
1 28.8775379516906 7.85723433816561 4 10 0 0
1 28.8775379516906 8.97969638647498 4 10 0 0
1 28.8775379516906 10.1021584347844 4 10 0 0
1 28.8775379516906 11.2246204830937 4 10 0 0
1 28.8775379516906 12.3470825314031 4 10 0 0
1 28.8775379516906 13.4695445797125 4 10 0 0
1 28.8775379516906 14.5920066280218 4 10 0 0
1 28.8775379516906 15.7144686763312 4 10 0 0
1 28.8775379516906 16.8369307246406 4 10 0 0
1 28.8775379516906 17.95939277295 4 10 0 0
1 28.8775379516906 19.0818548212593 4 10 0 0
1 28.8775379516906 20.2043168695687 4 10 0 0
1 28.8775379516906 21.3267789178781 4 10 0 0
1 28.8775379516906 22.4492409661875 4 10 0 0
1 28.8775379516906 23.5717030144968 4 10 0 0
1 28.8775379516906 24.6941650628062 4 10 0 0
1 28.8775379516906 25.8166271111156 4 10 0 0
1 28.8775379516906 26.939089159425 4 10 0 0
1 28.8775379516906 28.0615512077343 4 10 0 0
1 27.7550759033813 1.12246204830937 4 10 0 0
1 27.7550759033813 2.24492409661875 4 10 0 0
1 27.7550759033813 3.36738614492812 4 10 0 0
1 27.7550759033813 4.48984819323749 4 10 0 0
1 27.7550759033813 5.61231024154687 4 10 0 0
1 27.7550759033813 6.73477228985624 4 10 0 0
1 27.7550759033813 7.85723433816561 4 10 0 0
1 27.7550759033813 8.97969638647498 4 10 0 0
1 27.7550759033813 10.1021584347844 4 10 0 0
1 27.7550759033813 11.2246204830937 4 10 0 0
1 27.7550759033813 12.3470825314031 4 10 0 0
1 27.7550759033813 13.4695445797125 4 10 0 0
1 27.7550759033813 14.5920066280218 4 10 0 0
1 27.7550759033813 15.7144686763312 4 10 0 0
1 27.7550759033813 16.8369307246406 4 10 0 0
1 27.7550759033813 17.95939277295 4 10 0 0
1 27.7550759033813 19.0818548212593 4 10 0 0
1 27.7550759033813 20.2043168695687 4 10 0 0
1 27.7550759033813 21.3267789178781 4 10 0 0
1 27.7550759033813 22.4492409661875 4 10 0 0
1 27.7550759033813 23.5717030144968 4 10 0 0
1 27.7550759033813 24.6941650628062 4 10 0 0
1 27.7550759033813 25.8166271111156 4 10 0 0
1 27.7550759033813 26.939089159425 4 10 0 0
1 27.7550759033813 28.0615512077343 4 10 0 0
1 26.6326138550719 1.12246204830937 4 10 0 0
1 26.6326138550719 2.24492409661875 4 10 0 0
1 26.6326138550719 3.36738614492812 4 10 0 0
1 26.6326138550719 4.48984819323749 4 10 0 0
1 26.6326138550719 5.61231024154687 4 10 0 0
1 26.6326138550719 6.73477228985624 4 10 0 0
1 26.6326138550719 7.85723433816561 4 10 0 0
1 26.6326138550719 8.97969638647498 4 10 0 0
1 26.6326138550719 10.1021584347844 4 10 0 0
1 26.6326138550719 11.2246204830937 4 10 0 0
1 26.6326138550719 12.3470825314031 4 10 0 0
1 26.6326138550719 13.4695445797125 4 10 0 0
1 26.6326138550719 14.5920066280218 4 10 0 0
1 26.6326138550719 15.7144686763312 4 10 0 0
1 26.6326138550719 16.8369307246406 4 10 0 0
1 26.6326138550719 17.95939277295 4 10 0 0
1 26.6326138550719 19.0818548212593 4 10 0 0
1 26.6326138550719 20.2043168695687 4 10 0 0
1 26.6326138550719 21.3267789178781 4 10 0 0
1 26.6326138550719 22.4492409661875 4 10 0 0
1 26.6326138550719 23.5717030144968 4 10 0 0
1 26.6326138550719 24.6941650628062 4 10 0 0
1 26.6326138550719 25.8166271111156 4 10 0 0
1 26.6326138550719 26.939089159425 4 10 0 0
1 26.6326138550719 28.0615512077343 4 10 0 0
1 25.5101518067625 1.12246204830937 4 10 0 0
1 25.5101518067625 2.24492409661875 4 10 0 0
1 25.5101518067625 3.36738614492812 4 10 0 0
1 25.5101518067625 4.48984819323749 4 10 0 0
1 25.5101518067625 5.61231024154687 4 10 0 0
1 25.5101518067625 6.73477228985624 4 10 0 0
1 25.5101518067625 7.85723433816561 4 10 0 0
1 25.5101518067625 8.97969638647498 4 10 0 0
1 25.5101518067625 10.1021584347844 4 10 0 0
1 25.5101518067625 11.2246204830937 4 10 0 0
1 25.5101518067625 12.3470825314031 4 10 0 0
1 25.5101518067625 13.4695445797125 4 10 0 0
1 25.5101518067625 14.5920066280218 4 10 0 0
1 25.5101518067625 15.7144686763312 4 10 0 0
1 25.5101518067625 16.8369307246406 4 10 0 0
1 25.5101518067625 17.95939277295 4 10 0 0
1 25.5101518067625 19.0818548212593 4 10 0 0
1 25.5101518067625 20.2043168695687 4 10 0 0
1 25.5101518067625 21.3267789178781 4 10 0 0
1 25.5101518067625 22.4492409661875 4 10 0 0
1 25.5101518067625 23.5717030144968 4 10 0 0
1 25.5101518067625 24.6941650628062 4 10 0 0
1 25.5101518067625 25.8166271111156 4 10 0 0
1 25.5101518067625 26.939089159425 4 10 0 0
1 25.5101518067625 28.0615512077343 4 10 0 0
1 24.3876897584531 1.12246204830937 4 10 0 0
1 24.3876897584531 2.24492409661875 4 10 0 0
1 24.3876897584531 3.36738614492812 4 10 0 0
1 24.3876897584531 4.48984819323749 4 10 0 0
1 24.3876897584531 5.61231024154687 4 10 0 0
1 24.3876897584531 6.73477228985624 4 10 0 0
1 24.3876897584531 7.85723433816561 4 10 0 0
1 24.3876897584531 8.97969638647498 4 10 0 0
1 24.3876897584531 10.1021584347844 4 10 0 0
1 24.3876897584531 11.2246204830937 4 10 0 0
1 24.3876897584531 12.3470825314031 4 10 0 0
1 24.3876897584531 13.4695445797125 4 10 0 0
1 24.3876897584531 14.5920066280218 4 10 0 0
1 24.3876897584531 15.7144686763312 4 10 0 0
1 24.3876897584531 16.8369307246406 4 10 0 0
1 24.3876897584531 17.95939277295 4 10 0 0
1 24.3876897584531 19.0818548212593 4 10 0 0
1 24.3876897584531 20.2043168695687 4 10 0 0
1 24.3876897584531 21.3267789178781 4 10 0 0
1 24.3876897584531 22.4492409661875 4 10 0 0
1 24.3876897584531 23.5717030144968 4 10 0 0
1 24.3876897584531 24.6941650628062 4 10 0 0
1 24.3876897584531 25.8166271111156 4 10 0 0
1 24.3876897584531 26.939089159425 4 10 0 0
1 24.3876897584531 28.0615512077343 4 10 0 0
1 23.2652277101438 1.12246204830937 4 10 0 0
1 23.2652277101438 2.24492409661875 4 10 0 0
1 23.2652277101438 3.36738614492812 4 10 0 0
1 23.2652277101438 4.48984819323749 4 10 0 0
1 23.2652277101438 5.61231024154687 4 10 0 0
1 23.2652277101438 6.73477228985624 4 10 0 0
1 23.2652277101438 7.85723433816561 4 10 0 0
1 23.2652277101438 8.97969638647498 4 10 0 0
1 23.2652277101438 10.1021584347844 4 10 0 0
1 23.2652277101438 11.2246204830937 4 10 0 0
1 23.2652277101438 12.3470825314031 4 10 0 0
1 23.2652277101438 13.4695445797125 4 10 0 0
1 23.2652277101438 14.5920066280218 4 10 0 0
1 23.2652277101438 15.7144686763312 4 10 0 0
1 23.2652277101438 16.8369307246406 4 10 0 0
1 23.2652277101438 17.95939277295 4 10 0 0
1 23.2652277101438 19.0818548212593 4 10 0 0
1 23.2652277101438 20.2043168695687 4 10 0 0
1 23.2652277101438 21.3267789178781 4 10 0 0
1 23.2652277101438 22.4492409661875 4 10 0 0
1 23.2652277101438 23.5717030144968 4 10 0 0
1 23.2652277101438 24.6941650628062 4 10 0 0
1 23.2652277101438 25.8166271111156 4 10 0 0
1 23.2652277101438 26.939089159425 4 10 0 0
1 23.2652277101438 28.0615512077343 4 10 0 0
1 22.1427656618344 1.12246204830937 4 10 0 0
1 22.1427656618344 2.24492409661875 4 10 0 0
1 22.1427656618344 3.36738614492812 4 10 0 0
1 22.1427656618344 4.48984819323749 4 10 0 0
1 22.1427656618344 5.61231024154687 4 10 0 0
1 22.1427656618344 6.73477228985624 4 10 0 0
1 22.1427656618344 7.85723433816561 4 10 0 0
1 22.1427656618344 8.97969638647498 4 10 0 0
1 22.1427656618344 10.1021584347844 4 10 0 0
1 22.1427656618344 11.2246204830937 4 10 0 0
1 22.1427656618344 12.3470825314031 4 10 0 0
1 22.1427656618344 13.4695445797125 4 10 0 0
1 22.1427656618344 14.5920066280218 4 10 0 0
1 22.1427656618344 15.7144686763312 4 10 0 0
1 22.1427656618344 16.8369307246406 4 10 0 0
1 22.1427656618344 17.95939277295 4 10 0 0
1 22.1427656618344 19.0818548212593 4 10 0 0
1 22.1427656618344 20.2043168695687 4 10 0 0
1 22.1427656618344 21.3267789178781 4 10 0 0
1 22.1427656618344 22.4492409661875 4 10 0 0
1 22.1427656618344 23.5717030144968 4 10 0 0
1 22.1427656618344 24.6941650628062 4 10 0 0
1 22.1427656618344 25.8166271111156 4 10 0 0
1 22.1427656618344 26.939089159425 4 10 0 0
1 22.1427656618344 28.0615512077343 4 10 0 0
1 21.020303613525 1.12246204830937 4 10 0 0
1 21.020303613525 2.24492409661875 4 10 0 0
1 21.020303613525 3.36738614492812 4 10 0 0
1 21.020303613525 4.48984819323749 4 10 0 0
1 21.020303613525 5.61231024154687 4 10 0 0
1 21.020303613525 6.73477228985624 4 10 0 0
1 21.020303613525 7.85723433816561 4 10 0 0
1 21.020303613525 8.97969638647498 4 10 0 0
1 21.020303613525 10.1021584347844 4 10 0 0
1 21.020303613525 11.2246204830937 4 10 0 0
1 21.020303613525 12.3470825314031 4 10 0 0
1 21.020303613525 13.4695445797125 4 10 0 0
1 21.020303613525 14.5920066280218 4 10 0 0
1 21.020303613525 15.7144686763312 4 10 0 0
1 21.020303613525 16.8369307246406 4 10 0 0
1 21.020303613525 17.95939277295 4 10 0 0
1 21.020303613525 19.0818548212593 4 10 0 0
1 21.020303613525 20.2043168695687 4 10 0 0
1 21.020303613525 21.3267789178781 4 10 0 0
1 21.020303613525 22.4492409661875 4 10 0 0
1 21.020303613525 23.5717030144968 4 10 0 0
1 21.020303613525 24.6941650628062 4 10 0 0
1 21.020303613525 25.8166271111156 4 10 0 0
1 21.020303613525 26.939089159425 4 10 0 0
1 21.020303613525 28.0615512077343 4 10 0 0
1 19.8978415652156 1.12246204830937 4 10 0 0
1 19.8978415652156 2.24492409661875 4 10 0 0
1 19.8978415652156 3.36738614492812 4 10 0 0
1 19.8978415652156 4.48984819323749 4 10 0 0
1 19.8978415652156 5.61231024154687 4 10 0 0
1 19.8978415652156 6.73477228985624 4 10 0 0
1 19.8978415652156 7.85723433816561 4 10 0 0
1 19.8978415652156 8.97969638647498 4 10 0 0
1 19.8978415652156 10.1021584347844 4 10 0 0
1 19.8978415652156 11.2246204830937 4 10 0 0
1 19.8978415652156 12.3470825314031 4 10 0 0
1 19.8978415652156 13.4695445797125 4 10 0 0
1 19.8978415652156 14.5920066280218 4 10 0 0
1 19.8978415652156 15.7144686763312 4 10 0 0
1 19.8978415652156 16.8369307246406 4 10 0 0
1 19.8978415652156 17.95939277295 4 10 0 0
1 19.8978415652156 19.0818548212593 4 10 0 0
1 19.8978415652156 20.2043168695687 4 10 0 0
1 19.8978415652156 21.3267789178781 4 10 0 0
1 19.8978415652156 22.4492409661875 4 10 0 0
1 19.8978415652156 23.5717030144968 4 10 0 0
1 19.8978415652156 24.6941650628062 4 10 0 0
1 19.8978415652156 25.8166271111156 4 10 0 0
1 19.8978415652156 26.939089159425 4 10 0 0
1 19.8978415652156 28.0615512077343 4 10 0 0
1 18.7753795169063 1.12246204830937 4 10 0 0
1 18.7753795169063 2.24492409661875 4 10 0 0
1 18.7753795169063 3.36738614492812 4 10 0 0
1 18.7753795169063 4.48984819323749 4 10 0 0
1 18.7753795169063 5.61231024154687 4 10 0 0
1 18.7753795169063 6.73477228985624 4 10 0 0
1 18.7753795169063 7.85723433816561 4 10 0 0
1 18.7753795169063 8.97969638647498 4 10 0 0
1 18.7753795169063 10.1021584347844 4 10 0 0
1 18.7753795169063 11.2246204830937 4 10 0 0
1 18.7753795169063 12.3470825314031 4 10 0 0
1 18.7753795169063 13.4695445797125 4 10 0 0
1 18.7753795169063 14.5920066280218 4 10 0 0
1 18.7753795169063 15.7144686763312 4 10 0 0
1 18.7753795169063 16.8369307246406 4 10 0 0
1 18.7753795169063 17.95939277295 4 10 0 0
1 18.7753795169063 19.0818548212593 4 10 0 0
1 18.7753795169063 20.2043168695687 4 10 0 0
1 18.7753795169063 21.3267789178781 4 10 0 0
1 18.7753795169063 22.4492409661875 4 10 0 0
1 18.7753795169063 23.5717030144968 4 10 0 0
1 18.7753795169063 24.6941650628062 4 10 0 0
1 18.7753795169063 25.8166271111156 4 10 0 0
1 18.7753795169063 26.939089159425 4 10 0 0
1 18.7753795169063 28.0615512077343 4 10 0 0
1 17.6529174685969 1.12246204830937 4 10 0 0
1 17.6529174685969 2.24492409661875 4 10 0 0
1 17.6529174685969 3.36738614492812 4 10 0 0
1 17.6529174685969 4.48984819323749 4 10 0 0
1 17.6529174685969 5.61231024154687 4 10 0 0
1 17.6529174685969 6.73477228985624 4 10 0 0
1 17.6529174685969 7.85723433816561 4 10 0 0
1 17.6529174685969 8.97969638647498 4 10 0 0
1 17.6529174685969 10.1021584347844 4 10 0 0
1 17.6529174685969 11.2246204830937 4 10 0 0
1 17.6529174685969 12.3470825314031 4 10 0 0
1 17.6529174685969 13.4695445797125 4 10 0 0
1 17.6529174685969 14.5920066280218 4 10 0 0
1 17.6529174685969 15.7144686763312 4 10 0 0
1 17.6529174685969 16.8369307246406 4 10 0 0
1 17.6529174685969 17.95939277295 4 10 0 0
1 17.6529174685969 19.0818548212593 4 10 0 0
1 17.6529174685969 20.2043168695687 4 10 0 0
1 17.6529174685969 21.3267789178781 4 10 0 0
1 17.6529174685969 22.4492409661875 4 10 0 0
1 17.6529174685969 23.5717030144968 4 10 0 0
1 17.6529174685969 24.6941650628062 4 10 0 0
1 17.6529174685969 25.8166271111156 4 10 0 0
1 17.6529174685969 26.939089159425 4 10 0 0
1 17.6529174685969 28.0615512077343 4 10 0 0
1 16.5304554202875 1.12246204830937 4 10 0 0
1 16.5304554202875 2.24492409661875 4 10 0 0
1 16.5304554202875 3.36738614492812 4 10 0 0
1 16.5304554202875 4.48984819323749 4 10 0 0
1 16.5304554202875 5.61231024154687 4 10 0 0
1 16.5304554202875 6.73477228985624 4 10 0 0
1 16.5304554202875 7.85723433816561 4 10 0 0
1 16.5304554202875 8.97969638647498 4 10 0 0
1 16.5304554202875 10.1021584347844 4 10 0 0
1 16.5304554202875 11.2246204830937 4 10 0 0
1 16.5304554202875 12.3470825314031 4 10 0 0
1 16.5304554202875 13.4695445797125 4 10 0 0
1 16.5304554202875 14.5920066280218 4 10 0 0
1 16.5304554202875 15.7144686763312 4 10 0 0
1 16.5304554202875 16.8369307246406 4 10 0 0
1 16.5304554202875 17.95939277295 4 10 0 0
1 16.5304554202875 19.0818548212593 4 10 0 0
1 16.5304554202875 20.2043168695687 4 10 0 0
1 16.5304554202875 21.3267789178781 4 10 0 0
1 16.5304554202875 22.4492409661875 4 10 0 0
1 16.5304554202875 23.5717030144968 4 10 0 0
1 16.5304554202875 24.6941650628062 4 10 0 0
1 16.5304554202875 25.8166271111156 4 10 0 0
1 16.5304554202875 26.939089159425 4 10 0 0
1 16.5304554202875 28.0615512077343 4 10 0 0
1 15.4079933719782 1.12246204830937 4 10 0 0
1 15.4079933719782 2.24492409661875 4 10 0 0
1 15.4079933719782 3.36738614492812 4 10 0 0
1 15.4079933719782 4.48984819323749 4 10 0 0
1 15.4079933719782 5.61231024154687 4 10 0 0
1 15.4079933719782 6.73477228985624 4 10 0 0
1 15.4079933719782 7.85723433816561 4 10 0 0
1 15.4079933719782 8.97969638647498 4 10 0 0
1 15.4079933719782 10.1021584347844 4 10 0 0
1 15.4079933719782 11.2246204830937 4 10 0 0
1 15.4079933719782 12.3470825314031 4 10 0 0
1 15.4079933719782 13.4695445797125 4 10 0 0
1 15.4079933719782 14.5920066280218 4 10 0 0
1 15.4079933719782 15.7144686763312 4 10 0 0
1 15.4079933719782 16.8369307246406 4 10 0 0
1 15.4079933719782 17.95939277295 4 10 0 0
1 15.4079933719782 19.0818548212593 4 10 0 0
1 15.4079933719782 20.2043168695687 4 10 0 0
1 15.4079933719782 21.3267789178781 4 10 0 0
1 15.4079933719782 22.4492409661875 4 10 0 0
1 15.4079933719782 23.5717030144968 4 10 0 0
1 15.4079933719782 24.6941650628062 4 10 0 0
1 15.4079933719782 25.8166271111156 4 10 0 0
1 15.4079933719782 26.939089159425 4 10 0 0
1 15.4079933719782 28.0615512077343 4 10 0 0
1 14.2855313236688 1.12246204830937 4 10 0 0
1 14.2855313236688 2.24492409661875 4 10 0 0
1 14.2855313236688 3.36738614492812 4 10 0 0
1 14.2855313236688 4.48984819323749 4 10 0 0
1 14.2855313236688 5.61231024154687 4 10 0 0
1 14.2855313236688 6.73477228985624 4 10 0 0
1 14.2855313236688 7.85723433816561 4 10 0 0
1 14.2855313236688 8.97969638647498 4 10 0 0
1 14.2855313236688 10.1021584347844 4 10 0 0
1 14.2855313236688 11.2246204830937 4 10 0 0
1 14.2855313236688 12.3470825314031 4 10 0 0
1 14.2855313236688 13.4695445797125 4 10 0 0
1 14.2855313236688 14.5920066280218 4 10 0 0
1 14.2855313236688 15.7144686763312 4 10 0 0
1 14.2855313236688 16.8369307246406 4 10 0 0
1 14.2855313236688 17.95939277295 4 10 0 0
1 14.2855313236688 19.0818548212593 4 10 0 0
1 14.2855313236688 20.2043168695687 4 10 0 0
1 14.2855313236688 21.3267789178781 4 10 0 0
1 14.2855313236688 22.4492409661875 4 10 0 0
1 14.2855313236688 23.5717030144968 4 10 0 0
1 14.2855313236688 24.6941650628062 4 10 0 0
1 14.2855313236688 25.8166271111156 4 10 0 0
1 14.2855313236688 26.939089159425 4 10 0 0
1 14.2855313236688 28.0615512077343 4 10 0 0
1 13.1630692753594 1.12246204830937 4 10 0 0
1 13.1630692753594 2.24492409661875 4 10 0 0
1 13.1630692753594 3.36738614492812 4 10 0 0
1 13.1630692753594 4.48984819323749 4 10 0 0
1 13.1630692753594 5.61231024154687 4 10 0 0
1 13.1630692753594 6.73477228985624 4 10 0 0
1 13.1630692753594 7.85723433816561 4 10 0 0
1 13.1630692753594 8.97969638647498 4 10 0 0
1 13.1630692753594 10.1021584347844 4 10 0 0
1 13.1630692753594 11.2246204830937 4 10 0 0
1 13.1630692753594 12.3470825314031 4 10 0 0
1 13.1630692753594 13.4695445797125 4 10 0 0
1 13.1630692753594 14.5920066280218 4 10 0 0
1 13.1630692753594 15.7144686763312 4 10 0 0
1 13.1630692753594 16.8369307246406 4 10 0 0
1 13.1630692753594 17.95939277295 4 10 0 0
1 13.1630692753594 19.0818548212593 4 10 0 0
1 13.1630692753594 20.2043168695687 4 10 0 0
1 13.1630692753594 21.3267789178781 4 10 0 0
1 13.1630692753594 22.4492409661875 4 10 0 0
1 13.1630692753594 23.5717030144968 4 10 0 0
1 13.1630692753594 24.6941650628062 4 10 0 0
1 13.1630692753594 25.8166271111156 4 10 0 0
1 13.1630692753594 26.939089159425 4 10 0 0
1 13.1630692753594 28.0615512077343 4 10 0 0
1 12.04060722705 1.12246204830937 4 10 0 0
1 12.04060722705 2.24492409661875 4 10 0 0
1 12.04060722705 3.36738614492812 4 10 0 0
1 12.04060722705 4.48984819323749 4 10 0 0
1 12.04060722705 5.61231024154687 4 10 0 0
1 12.04060722705 6.73477228985624 4 10 0 0
1 12.04060722705 7.85723433816561 4 10 0 0
1 12.04060722705 8.97969638647498 4 10 0 0
1 12.04060722705 10.1021584347844 4 10 0 0
1 12.04060722705 11.2246204830937 4 10 0 0
1 12.04060722705 12.3470825314031 4 10 0 0
1 12.04060722705 13.4695445797125 4 10 0 0
1 12.04060722705 14.5920066280218 4 10 0 0
1 12.04060722705 15.7144686763312 4 10 0 0
1 12.04060722705 16.8369307246406 4 10 0 0
1 12.04060722705 17.95939277295 4 10 0 0
1 12.04060722705 19.0818548212593 4 10 0 0
1 12.04060722705 20.2043168695687 4 10 0 0
1 12.04060722705 21.3267789178781 4 10 0 0
1 12.04060722705 22.4492409661875 4 10 0 0
1 12.04060722705 23.5717030144968 4 10 0 0
1 12.04060722705 24.6941650628062 4 10 0 0
1 12.04060722705 25.8166271111156 4 10 0 0
1 12.04060722705 26.939089159425 4 10 0 0
1 12.04060722705 28.0615512077343 4 10 0 0
1 10.9181451787407 1.12246204830937 4 10 0 0
1 10.9181451787407 2.24492409661875 4 10 0 0
1 10.9181451787407 3.36738614492812 4 10 0 0
1 10.9181451787407 4.48984819323749 4 10 0 0
1 10.9181451787407 5.61231024154687 4 10 0 0
1 10.9181451787407 6.73477228985624 4 10 0 0
1 10.9181451787407 7.85723433816561 4 10 0 0
1 10.9181451787407 8.97969638647498 4 10 0 0
1 10.9181451787407 10.1021584347844 4 10 0 0
1 10.9181451787407 11.2246204830937 4 10 0 0
1 10.9181451787407 12.3470825314031 4 10 0 0
1 10.9181451787407 13.4695445797125 4 10 0 0
1 10.9181451787407 14.5920066280218 4 10 0 0
1 10.9181451787407 15.7144686763312 4 10 0 0
1 10.9181451787407 16.8369307246406 4 10 0 0
1 10.9181451787407 17.95939277295 4 10 0 0
1 10.9181451787407 19.0818548212593 4 10 0 0
1 10.9181451787407 20.2043168695687 4 10 0 0
1 10.9181451787407 21.3267789178781 4 10 0 0
1 10.9181451787407 22.4492409661875 4 10 0 0
1 10.9181451787407 23.5717030144968 4 10 0 0
1 10.9181451787407 24.6941650628062 4 10 0 0
1 10.9181451787407 25.8166271111156 4 10 0 0
1 10.9181451787407 26.939089159425 4 10 0 0
1 10.9181451787407 28.0615512077343 4 10 0 0
1 9.79568313043129 1.12246204830937 4 10 0 0
1 9.79568313043129 2.24492409661875 4 10 0 0
1 9.79568313043129 3.36738614492812 4 10 0 0
1 9.79568313043129 4.48984819323749 4 10 0 0
1 9.79568313043129 5.61231024154687 4 10 0 0
1 9.79568313043129 6.73477228985624 4 10 0 0
1 9.79568313043129 7.85723433816561 4 10 0 0
1 9.79568313043129 8.97969638647498 4 10 0 0
1 9.79568313043129 10.1021584347844 4 10 0 0
1 9.79568313043129 11.2246204830937 4 10 0 0
1 9.79568313043129 12.3470825314031 4 10 0 0
1 9.79568313043129 13.4695445797125 4 10 0 0
1 9.79568313043129 14.5920066280218 4 10 0 0
1 9.79568313043129 15.7144686763312 4 10 0 0
1 9.79568313043129 16.8369307246406 4 10 0 0
1 9.79568313043129 17.95939277295 4 10 0 0
1 9.79568313043129 19.0818548212593 4 10 0 0
1 9.79568313043129 20.2043168695687 4 10 0 0
1 9.79568313043129 21.3267789178781 4 10 0 0
1 9.79568313043129 22.4492409661875 4 10 0 0
1 9.79568313043129 23.5717030144968 4 10 0 0
1 9.79568313043129 24.6941650628062 4 10 0 0
1 9.79568313043129 25.8166271111156 4 10 0 0
1 9.79568313043129 26.939089159425 4 10 0 0
1 9.79568313043129 28.0615512077343 4 10 0 0
1 8.67322108212191 1.12246204830937 4 10 0 0
1 8.67322108212191 2.24492409661875 4 10 0 0
1 8.67322108212191 3.36738614492812 4 10 0 0
1 8.67322108212191 4.48984819323749 4 10 0 0
1 8.67322108212191 5.61231024154687 4 10 0 0
1 8.67322108212191 6.73477228985624 4 10 0 0
1 8.67322108212191 7.85723433816561 4 10 0 0
1 8.67322108212191 8.97969638647498 4 10 0 0
1 8.67322108212191 10.1021584347844 4 10 0 0
1 8.67322108212191 11.2246204830937 4 10 0 0
1 8.67322108212191 12.3470825314031 4 10 0 0
1 8.67322108212191 13.4695445797125 4 10 0 0
1 8.67322108212191 14.5920066280218 4 10 0 0
1 8.67322108212191 15.7144686763312 4 10 0 0
1 8.67322108212191 16.8369307246406 4 10 0 0
1 8.67322108212191 17.95939277295 4 10 0 0
1 8.67322108212191 19.0818548212593 4 10 0 0
1 8.67322108212191 20.2043168695687 4 10 0 0
1 8.67322108212191 21.3267789178781 4 10 0 0
1 8.67322108212191 22.4492409661875 4 10 0 0
1 8.67322108212191 23.5717030144968 4 10 0 0
1 8.67322108212191 24.6941650628062 4 10 0 0
1 8.67322108212191 25.8166271111156 4 10 0 0
1 8.67322108212191 26.939089159425 4 10 0 0
1 8.67322108212191 28.0615512077343 4 10 0 0
1 7.55075903381254 1.12246204830937 4 10 0 0
1 7.55075903381254 2.24492409661875 4 10 0 0
1 7.55075903381254 3.36738614492812 4 10 0 0
1 7.55075903381254 4.48984819323749 4 10 0 0
1 7.55075903381254 5.61231024154687 4 10 0 0
1 7.55075903381254 6.73477228985624 4 10 0 0
1 7.55075903381254 7.85723433816561 4 10 0 0
1 7.55075903381254 8.97969638647498 4 10 0 0
1 7.55075903381254 10.1021584347844 4 10 0 0
1 7.55075903381254 11.2246204830937 4 10 0 0
1 7.55075903381254 12.3470825314031 4 10 0 0
1 7.55075903381254 13.4695445797125 4 10 0 0
1 7.55075903381254 14.5920066280218 4 10 0 0
1 7.55075903381254 15.7144686763312 4 10 0 0
1 7.55075903381254 16.8369307246406 4 10 0 0
1 7.55075903381254 17.95939277295 4 10 0 0
1 7.55075903381254 19.0818548212593 4 10 0 0
1 7.55075903381254 20.2043168695687 4 10 0 0
1 7.55075903381254 21.3267789178781 4 10 0 0
1 7.55075903381254 22.4492409661875 4 10 0 0
1 7.55075903381254 23.5717030144968 4 10 0 0
1 7.55075903381254 24.6941650628062 4 10 0 0
1 7.55075903381254 25.8166271111156 4 10 0 0
1 7.55075903381254 26.939089159425 4 10 0 0
1 7.55075903381254 28.0615512077343 4 10 0 0
1 6.42829698550317 1.12246204830937 4 10 0 0
1 6.42829698550317 2.24492409661875 4 10 0 0
1 6.42829698550317 3.36738614492812 4 10 0 0
1 6.42829698550317 4.48984819323749 4 10 0 0
1 6.42829698550317 5.61231024154687 4 10 0 0
1 6.42829698550317 6.73477228985624 4 10 0 0
1 6.42829698550317 7.85723433816561 4 10 0 0
1 6.42829698550317 8.97969638647498 4 10 0 0
1 6.42829698550317 10.1021584347844 4 10 0 0
1 6.42829698550317 11.2246204830937 4 10 0 0
1 6.42829698550317 12.3470825314031 4 10 0 0
1 6.42829698550317 13.4695445797125 4 10 0 0
1 6.42829698550317 14.5920066280218 4 10 0 0
1 6.42829698550317 15.7144686763312 4 10 0 0
1 6.42829698550317 16.8369307246406 4 10 0 0
1 6.42829698550317 17.95939277295 4 10 0 0
1 6.42829698550317 19.0818548212593 4 10 0 0
1 6.42829698550317 20.2043168695687 4 10 0 0
1 6.42829698550317 21.3267789178781 4 10 0 0
1 6.42829698550317 22.4492409661875 4 10 0 0
1 6.42829698550317 23.5717030144968 4 10 0 0
1 6.42829698550317 24.6941650628062 4 10 0 0
1 6.42829698550317 25.8166271111156 4 10 0 0
1 6.42829698550317 26.939089159425 4 10 0 0
1 6.42829698550317 28.0615512077343 4 10 0 0
1 5.30583493719379 1.12246204830937 4 10 0 0
1 5.30583493719379 2.24492409661875 4 10 0 0
1 5.30583493719379 3.36738614492812 4 10 0 0
1 5.30583493719379 4.48984819323749 4 10 0 0
1 5.30583493719379 5.61231024154687 4 10 0 0
1 5.30583493719379 6.73477228985624 4 10 0 0
1 5.30583493719379 7.85723433816561 4 10 0 0
1 5.30583493719379 8.97969638647498 4 10 0 0
1 5.30583493719379 10.1021584347844 4 10 0 0
1 5.30583493719379 11.2246204830937 4 10 0 0
1 5.30583493719379 12.3470825314031 4 10 0 0
1 5.30583493719379 13.4695445797125 4 10 0 0
1 5.30583493719379 14.5920066280218 4 10 0 0
1 5.30583493719379 15.7144686763312 4 10 0 0
1 5.30583493719379 16.8369307246406 4 10 0 0
1 5.30583493719379 17.95939277295 4 10 0 0
1 5.30583493719379 19.0818548212593 4 10 0 0
1 5.30583493719379 20.2043168695687 4 10 0 0
1 5.30583493719379 21.3267789178781 4 10 0 0
1 5.30583493719379 22.4492409661875 4 10 0 0
1 5.30583493719379 23.5717030144968 4 10 0 0
1 5.30583493719379 24.6941650628062 4 10 0 0
1 5.30583493719379 25.8166271111156 4 10 0 0
1 5.30583493719379 26.939089159425 4 10 0 0
1 5.30583493719379 28.0615512077343 4 10 0 0
1 4.18337288888442 1.12246204830937 4 10 0 0
1 4.18337288888442 2.24492409661875 4 10 0 0
1 4.18337288888442 3.36738614492812 4 10 0 0
1 4.18337288888442 4.48984819323749 4 10 0 0
1 4.18337288888442 5.61231024154687 4 10 0 0
1 4.18337288888442 6.73477228985624 4 10 0 0
1 4.18337288888442 7.85723433816561 4 10 0 0
1 4.18337288888442 8.97969638647498 4 10 0 0
1 4.18337288888442 10.1021584347844 4 10 0 0
1 4.18337288888442 11.2246204830937 4 10 0 0
1 4.18337288888442 12.3470825314031 4 10 0 0
1 4.18337288888442 13.4695445797125 4 10 0 0
1 4.18337288888442 14.5920066280218 4 10 0 0
1 4.18337288888442 15.7144686763312 4 10 0 0
1 4.18337288888442 16.8369307246406 4 10 0 0
1 4.18337288888442 17.95939277295 4 10 0 0
1 4.18337288888442 19.0818548212593 4 10 0 0
1 4.18337288888442 20.2043168695687 4 10 0 0
1 4.18337288888442 21.3267789178781 4 10 0 0
1 4.18337288888442 22.4492409661875 4 10 0 0
1 4.18337288888442 23.5717030144968 4 10 0 0
1 4.18337288888442 24.6941650628062 4 10 0 0
1 4.18337288888442 25.8166271111156 4 10 0 0
1 4.18337288888442 26.939089159425 4 10 0 0
1 4.18337288888442 28.0615512077343 4 10 0 0
1 3.06091084057505 1.12246204830937 4 10 0 0
1 3.06091084057505 2.24492409661875 4 10 0 0
1 3.06091084057505 3.36738614492812 4 10 0 0
1 3.06091084057505 4.48984819323749 4 10 0 0
1 3.06091084057505 5.61231024154687 4 10 0 0
1 3.06091084057505 6.73477228985624 4 10 0 0
1 3.06091084057505 7.85723433816561 4 10 0 0
1 3.06091084057505 8.97969638647498 4 10 0 0
1 3.06091084057505 10.1021584347844 4 10 0 0
1 3.06091084057505 11.2246204830937 4 10 0 0
1 3.06091084057505 12.3470825314031 4 10 0 0
1 3.06091084057505 13.4695445797125 4 10 0 0
1 3.06091084057505 14.5920066280218 4 10 0 0
1 3.06091084057505 15.7144686763312 4 10 0 0
1 3.06091084057505 16.8369307246406 4 10 0 0
1 3.06091084057505 17.95939277295 4 10 0 0
1 3.06091084057505 19.0818548212593 4 10 0 0
1 3.06091084057505 20.2043168695687 4 10 0 0
1 3.06091084057505 21.3267789178781 4 10 0 0
1 3.06091084057505 22.4492409661875 4 10 0 0
1 3.06091084057505 23.5717030144968 4 10 0 0
1 3.06091084057505 24.6941650628062 4 10 0 0
1 3.06091084057505 25.8166271111156 4 10 0 0
1 3.06091084057505 26.939089159425 4 10 0 0
1 3.06091084057505 28.0615512077343 4 10 0 0
1 1.93844879226567 1.12246204830937 4 10 0 0
1 1.93844879226567 2.24492409661875 4 10 0 0
1 1.93844879226567 3.36738614492812 4 10 0 0
1 1.93844879226567 4.48984819323749 4 10 0 0
1 1.93844879226567 5.61231024154687 4 10 0 0
1 1.93844879226567 6.73477228985624 4 10 0 0
1 1.93844879226567 7.85723433816561 4 10 0 0
1 1.93844879226567 8.97969638647498 4 10 0 0
1 1.93844879226567 10.1021584347844 4 10 0 0
1 1.93844879226567 11.2246204830937 4 10 0 0
1 1.93844879226567 12.3470825314031 4 10 0 0
1 1.93844879226567 13.4695445797125 4 10 0 0
1 1.93844879226567 14.5920066280218 4 10 0 0
1 1.93844879226567 15.7144686763312 4 10 0 0
1 1.93844879226567 16.8369307246406 4 10 0 0
1 1.93844879226567 17.95939277295 4 10 0 0
1 1.93844879226567 19.0818548212593 4 10 0 0
1 1.93844879226567 20.2043168695687 4 10 0 0
1 1.93844879226567 21.3267789178781 4 10 0 0
1 1.93844879226567 22.4492409661875 4 10 0 0
1 1.93844879226567 23.5717030144968 4 10 0 0
1 1.93844879226567 24.6941650628062 4 10 0 0
1 1.93844879226567 25.8166271111156 4 10 0 0
1 1.93844879226567 26.939089159425 4 10 0 0
1 1.93844879226567 28.0615512077343 4 10 0 0
