500
1 0.496063 0.496063 0.496063 -0.00402297 -0.062796 0.0389584
1 1.48819 0.496063 0.496063 0.00910993 0.0420514 0.0362117
1 2.48031 0.496063 0.496063 -0.0356518 0.0436324 -0.0680745
1 3.47244 0.496063 0.496063 0.00130525 -0.0290152 0.0132327
1 4.46457 0.496063 0.496063 -0.0647699 -0.00297125 -0.0183581
1 5.45669 0.496063 0.496063 0.0513643 -0.0260874 0.0337972
1 6.44882 0.496063 0.496063 0.00937935 0.0173341 -0.0478508
1 7.44094 0.496063 0.496063 -0.00624051 0.0507261 0.0668846
1 0.496063 1.48819 0.496063 0.0361078 -0.0501341 0.00993696
1 1.48819 1.48819 0.496063 0.0514987 0.0417924 0.074203
1 2.48031 1.48819 0.496063 -0.0453958 0.0748298 0.00339492
1 3.47244 1.48819 0.496063 -0.0170043 -0.0210034 0.0452237
1 4.46457 1.48819 0.496063 -0.022283 -0.0351776 -0.0245925
1 5.45669 1.48819 0.496063 -0.0773623 0.0544192 0.00133859
1 6.44882 1.48819 0.496063 0.00760117 0.0741664 0.0453759
1 7.44094 1.48819 0.496063 -0.0277992 0.0113982 -0.0290512
1 0.496063 2.48031 0.496063 -0.0195809 -0.0535563 -0.0109387
1 1.48819 2.48031 0.496063 -0.00351553 -0.0623969 0.0138993
1 2.48031 2.48031 0.496063 0.0526187 0.0309351 0.0202267
1 3.47244 2.48031 0.496063 -0.023371 0.0650692 0.0540123
1 4.46457 2.48031 0.496063 -0.0461114 -0.0708025 -0.0326276
1 5.45669 2.48031 0.496063 0.0540821 0.0609564 -5.33788e-05
1 6.44882 2.48031 0.496063 0.0675949 0.0754104 -0.0647549
1 7.44094 2.48031 0.496063 -0.0329507 0.0172539 0.0540432
1 0.496063 3.47244 0.496063 0.0398139 0.01446 0.0043813
1 1.48819 3.47244 0.496063 -0.0408019 0.0302919 0.033536
1 2.48031 3.47244 0.496063 0.0529145 0.0481828 -0.0282134
1 3.47244 3.47244 0.496063 -0.00436181 0.0127937 0.0189533
1 4.46457 3.47244 0.496063 -0.0154495 0.0616787 0.068473
1 5.45669 3.47244 0.496063 0.0188106 0.0757853 -0.0390341
1 6.44882 3.47244 0.496063 -0.0604489 -0.0695151 -0.0540908
1 7.44094 3.47244 0.496063 -0.071631 0.0667592 0.0516312
1 0.496063 4.46457 0.496063 0.0540949 0.054243 -0.0359464
1 1.48819 4.46457 0.496063 0.0615581 -0.0491753 0.0210867
1 2.48031 4.46457 0.496063 0.023009 0.0213102 0.0455184
1 3.47244 4.46457 0.496063 0.019479 0.0599701 -0.0141241
1 4.46457 4.46457 0.496063 -0.0184534 -0.0659817 -0.0529869
1 5.45669 4.46457 0.496063 -0.0731707 -0.0557922 -0.0453295
1 6.44882 4.46457 0.496063 0.0278505 0.00970893 -0.0357277
1 7.44094 4.46457 0.496063 0.0193007 0.0437172 -0.0685182
1 0.496063 5.45669 0.496063 0.0771411 -0.0173999 -0.0587607
1 1.48819 5.45669 0.496063 0.0403067 0.023277 -0.0350035
1 2.48031 5.45669 0.496063 0.0271313 -0.0500124 -0.0677618
1 3.47244 5.45669 0.496063 -0.0586735 0.0611445 0.0492397
1 4.46457 5.45669 0.496063 0.0458769 0.0706705 -0.0495926
1 5.45669 5.45669 0.496063 0.0429187 -0.0221127 0.039509
1 6.44882 5.45669 0.496063 0.0613393 -0.074664 -0.0240593
1 7.44094 5.45669 0.496063 0.0222699 0.0317016 0.0431949
1 0.496063 6.44882 0.496063 -0.0421304 -0.0438175 -0.0726432
1 1.48819 6.44882 0.496063 -0.0225955 0.0483299 0.0495583
1 2.48031 6.44882 0.496063 -0.0516076 -0.01011 -0.0373539
1 3.47244 6.44882 0.496063 0.00803485 0.00879318 0.0389322
1 4.46457 6.44882 0.496063 0.0191224 0.0554248 -0.0374832
1 5.45669 6.44882 0.496063 -0.048367 0.0238564 -0.0264851
1 6.44882 6.44882 0.496063 0.0673943 0.0101884 0.0695309
1 7.44094 6.44882 0.496063 0.0250781 -0.0606792 0.0272232
1 0.496063 7.44094 0.496063 -0.0352064 -0.0155572 -0.00116391
1 1.48819 7.44094 0.496063 -0.0525525 0.075507 -0.017642
1 2.48031 7.44094 0.496063 0.0395043 0.0508879 -0.0205713
1 3.47244 7.44094 0.496063 0.0195953 0.0228612 0.0143777
1 4.46457 7.44094 0.496063 0.0784684 -0.0342624 -0.0653229
1 5.45669 7.44094 0.496063 -0.0526731 0.0496942 0.0480767
1 6.44882 7.44094 0.496063 0.0267233 -0.0194512 0.0668565
1 7.44094 7.44094 0.496063 0.0240159 0.011557 -0.0510767
1 0.496063 0.496063 1.48819 -0.0662069 0.0348571 -0.0477713
1 1.48819 0.496063 1.48819 -0.000177668 0.013672 0.0741769
1 2.48031 0.496063 1.48819 -0.00328966 0.045025 0.0405804
1 3.47244 0.496063 1.48819 -0.033999 -0.0338174 -0.00928402
1 4.46457 0.496063 1.48819 0.0124623 -0.0635362 0.0426071
1 5.45669 0.496063 1.48819 -0.0765121 0.0395364 0.0511099
1 6.44882 0.496063 1.48819 -0.0583332 -0.0183973 0.0391892
1 7.44094 0.496063 1.48819 0.0192388 0.0218387 0.0345792
1 0.496063 1.48819 1.48819 -0.0679466 0.00031196 -0.0170847
1 1.48819 1.48819 1.48819 0.00302848 -0.0299261 -0.0242783
1 2.48031 1.48819 1.48819 0.0224578 -0.00333873 -0.0390174
1 3.47244 1.48819 1.48819 0.053706 -0.054027 -0.00027997
1 4.46457 1.48819 1.48819 0.0129418 0.0583277 -0.00337419
1 5.45669 1.48819 1.48819 0.0145237 -0.0114635 -0.0173164
1 6.44882 1.48819 1.48819 0.00295217 0.0773318 -0.0231725
1 7.44094 1.48819 1.48819 -0.02769 -0.0197154 -0.0454552
1 0.496063 2.48031 1.48819 0.0753136 0.00123082 0.0445485
1 1.48819 2.48031 1.48819 -0.0187374 0.0577501 -0.0455686
1 2.48031 2.48031 1.48819 -0.0612904 0.0147838 0.0551061
1 3.47244 2.48031 1.48819 -0.0358454 -0.0313698 0.0128798
1 4.46457 2.48031 1.48819 -0.00982593 -0.018964 0.0255629
1 5.45669 2.48031 1.48819 -0.00295194 -0.00421892 0.00271775
1 6.44882 2.48031 1.48819 0.0672792 0.0751448 0.0296898
1 7.44094 2.48031 1.48819 -0.0590433 -0.00474556 0.016366
1 0.496063 3.47244 1.48819 -0.0290066 0.0772946 -0.0629549
1 1.48819 3.47244 1.48819 -0.00187829 -0.013668 -0.0143631
1 2.48031 3.47244 1.48819 -0.0260511 -0.0300408 -0.0696484
1 3.47244 3.47244 1.48819 0.0222903 0.00803581 0.0417009
1 4.46457 3.47244 1.48819 -0.0684076 -0.0462012 0.0688318
1 5.45669 3.47244 1.48819 -0.0289513 -0.0169156 -0.0742017
1 6.44882 3.47244 1.48819 0.0209799 0.000296012 0.05874
1 7.44094 3.47244 1.48819 0.0759939 0.0758285 0.0147317
1 0.496063 4.46457 1.48819 -0.00746112 0.0563765 -0.0343975
1 1.48819 4.46457 1.48819 0.0599964 0.0114978 -0.0339197
1 2.48031 4.46457 1.48819 0.0733966 -0.0214032 0.0567525
1 3.47244 4.46457 1.48819 0.0218931 0.0147851 -0.0573547
1 4.46457 4.46457 1.48819 0.043937 -0.00474944 0.012101
1 5.45669 4.46457 1.48819 -0.0419217 -0.015192 -0.00412404
1 6.44882 4.46457 1.48819 -0.0729185 -0.0401023 0.0734864
1 7.44094 4.46457 1.48819 0.00784171 0.0327399 -0.00859585
1 0.496063 5.45669 1.48819 -0.0256892 0.0732642 -0.0345965
1 1.48819 5.45669 1.48819 0.0391549 -0.064937 -0.0528761
1 2.48031 5.45669 1.48819 -0.0622237 -0.0382415 -0.0303995
1 3.47244 5.45669 1.48819 -0.0391022 0.0238695 0.0293833
1 4.46457 5.45669 1.48819 0.0487038 0.028208 0.0214174
1 5.45669 5.45669 1.48819 -0.00829211 0.0635611 -0.0521098
1 6.44882 5.45669 1.48819 -0.0442254 0.0266229 -0.0196882
1 7.44094 5.45669 1.48819 -0.0145015 -0.0496689 0.0696961
1 0.496063 6.44882 1.48819 0.0527383 0.00540339 1.37311e-05
1 1.48819 6.44882 1.48819 -0.0684342 -0.0637105 0.0726027
1 2.48031 6.44882 1.48819 -0.0518461 0.0112792 0.0360538
1 3.47244 6.44882 1.48819 0.00878107 0.0457633 -0.0280291
1 4.46457 6.44882 1.48819 -0.0062373 0.0341168 0.0306373
1 5.45669 6.44882 1.48819 0.070146 0.00930447 -0.0206271
1 6.44882 6.44882 1.48819 -0.0592386 -0.0154252 0.0593535
1 7.44094 6.44882 1.48819 -0.012609 -0.0306564 -0.00641048
1 0.496063 7.44094 1.48819 0.030685 0.0310007 0.0555637
1 1.48819 7.44094 1.48819 -0.0231131 -0.0735941 0.0637939
1 2.48031 7.44094 1.48819 -0.0161095 -0.0120431 0.0121919
1 3.47244 7.44094 1.48819 0.0210676 0.0559634 0.0785789
1 4.46457 7.44094 1.48819 0.0607601 0.0696659 -0.042593
1 5.45669 7.44094 1.48819 -0.0289746 -0.0754718 0.0089774
1 6.44882 7.44094 1.48819 -0.0207995 0.0399912 -0.0354055
1 7.44094 7.44094 1.48819 -0.0454158 0.010635 -0.0532624
1 0.496063 0.496063 2.48031 -0.0570645 -0.0533755 -0.00909296
1 1.48819 0.496063 2.48031 0.0105245 -0.0532749 -0.0157296
1 2.48031 0.496063 2.48031 0.071815 -0.0729454 0.0613839
1 3.47244 0.496063 2.48031 0.0186707 -0.074543 0.0765271
1 4.46457 0.496063 2.48031 -0.00159893 -0.0119564 0.0175957
1 5.45669 0.496063 2.48031 0.0310238 -0.0372632 0.0573672
1 6.44882 0.496063 2.48031 0.0274367 -0.0236014 0.0277442
1 7.44094 0.496063 2.48031 0.043681 0.0699214 -0.0265589
1 0.496063 1.48819 2.48031 -0.0674853 -0.0777868 0.0588037
1 1.48819 1.48819 2.48031 -0.0619486 0.0351182 -0.0782239
1 2.48031 1.48819 2.48031 0.0311787 -0.00908001 -0.0191794
1 3.47244 1.48819 2.48031 0.0568274 -0.0777859 -0.0391773
1 4.46457 1.48819 2.48031 0.0719011 -0.0324952 0.035512
1 5.45669 1.48819 2.48031 0.0548869 0.00786356 0.0176981
1 6.44882 1.48819 2.48031 0.0677548 0.0622213 -0.017337
1 7.44094 1.48819 2.48031 -0.0457318 -0.019124 0.0494106
1 0.496063 2.48031 2.48031 0.067935 0.0155805 -0.049685
1 1.48819 2.48031 2.48031 0.0717919 0.0334162 0.00483936
1 2.48031 2.48031 2.48031 0.00468433 -0.0312769 -0.0557836
1 3.47244 2.48031 2.48031 -0.0437997 0.0509405 0.074768
1 4.46457 2.48031 2.48031 0.0630776 -0.0430404 -0.0447578
1 5.45669 2.48031 2.48031 -0.0230939 -0.0752915 0.0758875
1 6.44882 2.48031 2.48031 0.0585376 -0.0697314 -0.0064245
1 7.44094 2.48031 2.48031 0.00881828 0.0643007 0.0146963
1 0.496063 3.47244 2.48031 -0.0561519 0.0216604 -0.014536
1 1.48819 3.47244 2.48031 0.0693801 -0.0341625 -0.0334943
1 2.48031 3.47244 2.48031 -0.0147016 0.0560776 -0.0747537
1 3.47244 3.47244 2.48031 -0.00118652 -0.0361452 -0.049934
1 4.46457 3.47244 2.48031 -0.0558656 -0.071126 -0.0221317
1 5.45669 3.47244 2.48031 0.069515 0.0653543 0.047906
1 6.44882 3.47244 2.48031 -0.0171225 -0.00270235 0.0489726
1 7.44094 3.47244 2.48031 0.0469438 -0.014539 -0.00112047
1 0.496063 4.46457 2.48031 -0.0446095 -0.0284615 0.0394874
1 1.48819 4.46457 2.48031 -0.0601783 0.043295 -0.0120474
1 2.48031 4.46457 2.48031 0.0716122 -0.0784122 0.00705578
1 3.47244 4.46457 2.48031 0.0684389 0.0725871 0.00205083
1 4.46457 4.46457 2.48031 0.0198028 -0.0056642 0.00951849
1 5.45669 4.46457 2.48031 0.0689079 -0.016255 -0.00304837
1 6.44882 4.46457 2.48031 -0.00436036 0.0678329 -0.0734625
1 7.44094 4.46457 2.48031 0.0721078 0.072735 0.0783349
1 0.496063 5.45669 2.48031 -0.00692853 0.0210772 -0.0147432
1 1.48819 5.45669 2.48031 -0.0334218 -0.0214646 -0.0134451
1 2.48031 5.45669 2.48031 0.0340354 -0.00157734 0.00260372
1 3.47244 5.45669 2.48031 0.0708659 -0.0769034 -0.0633978
1 4.46457 5.45669 2.48031 0.0652661 0.0652394 -0.00450961
1 5.45669 5.45669 2.48031 0.053113 -0.0733734 -0.0748299
1 6.44882 5.45669 2.48031 0.0388815 0.00548944 0.0441449
1 7.44094 5.45669 2.48031 -0.0271202 0.0568053 -0.0468172
1 0.496063 6.44882 2.48031 -0.0311207 0.0441842 0.0766282
1 1.48819 6.44882 2.48031 0.020245 -0.0250279 0.0263085
1 2.48031 6.44882 2.48031 -0.0754131 -0.0398526 -0.0389227
1 3.47244 6.44882 2.48031 0.0588125 -0.0229529 0.0121838
1 4.46457 6.44882 2.48031 -0.019746 0.00873337 0.0377789
1 5.45669 6.44882 2.48031 -0.0779597 0.0600795 -0.0423616
1 6.44882 6.44882 2.48031 0.0282976 -0.048585 0.0464516
1 7.44094 6.44882 2.48031 0.0515035 -0.0438832 0.0616497
1 0.496063 7.44094 2.48031 -0.0317329 0.0333907 0.0125276
1 1.48819 7.44094 2.48031 -0.00641159 -0.076318 -0.0396752
1 2.48031 7.44094 2.48031 -0.00248317 0.0516789 -0.0148603
1 3.47244 7.44094 2.48031 0.0614798 0.0261062 -0.0412885
1 4.46457 7.44094 2.48031 0.0690171 -0.0211176 -0.0190399
1 5.45669 7.44094 2.48031 -0.000111933 -0.0479727 0.073466
1 6.44882 7.44094 2.48031 -0.0194073 -0.0676749 0.010325
1 7.44094 7.44094 2.48031 -0.00308719 -0.041882 0.0362082
1 0.496063 0.496063 3.47244 0.0280194 0.047549 -0.0102223
1 1.48819 0.496063 3.47244 -0.0587745 -0.0409537 0.0381597
1 2.48031 0.496063 3.47244 -0.0592383 0.0770706 -0.0108943
1 3.47244 0.496063 3.47244 -0.0662036 0.0675572 -0.0360751
1 4.46457 0.496063 3.47244 0.00103668 -0.0196007 0.0416723
1 5.45669 0.496063 3.47244 -0.0755253 0.0434867 0.014111
1 6.44882 0.496063 3.47244 -0.0757413 -0.0391976 0.0159591
1 7.44094 0.496063 3.47244 -0.0747473 -0.0736166 0.0148429
1 0.496063 1.48819 3.47244 0.012571 0.0216956 -0.0359113
1 1.48819 1.48819 3.47244 -0.0760541 0.0101767 -0.0424074
1 2.48031 1.48819 3.47244 -0.0613834 -0.0177717 0.0281428
1 3.47244 1.48819 3.47244 0.0129736 0.0181715 -0.053316
1 4.46457 1.48819 3.47244 0.0755254 -0.0753597 -0.0386913
1 5.45669 1.48819 3.47244 0.0766472 0.0677891 -0.000992926
1 6.44882 1.48819 3.47244 0.0663291 -0.00223934 -0.0260327
1 7.44094 1.48819 3.47244 0.0223736 -0.048668 -0.075808
1 0.496063 2.48031 3.47244 0.0613509 0.0691779 -0.0453542
1 1.48819 2.48031 3.47244 0.030248 -0.0766345 -0.0160911
1 2.48031 2.48031 3.47244 -0.057429 -0.0152556 -0.0616961
1 3.47244 2.48031 3.47244 0.0619869 -0.000894384 -0.047374
1 4.46457 2.48031 3.47244 0.0639937 0.020338 -0.0100724
1 5.45669 2.48031 3.47244 0.0364215 -0.0688844 0.0431643
1 6.44882 2.48031 3.47244 -0.0450836 -0.0653989 0.0234996
1 7.44094 2.48031 3.47244 0.0484913 0.0542545 0.0425732
1 0.496063 3.47244 3.47244 0.0319099 0.0158499 -0.025423
1 1.48819 3.47244 3.47244 -0.0550059 -0.00196343 0.0410594
1 2.48031 3.47244 3.47244 -0.0142586 -0.0641974 0.020157
1 3.47244 3.47244 3.47244 -0.0344881 -0.0683693 -0.0605848
1 4.46457 3.47244 3.47244 0.0415593 -0.0761667 0.0783261
1 5.45669 3.47244 3.47244 0.051772 0.0613882 -0.0754434
1 6.44882 3.47244 3.47244 -0.0544593 0.0676303 -0.0738554
1 7.44094 3.47244 3.47244 -0.0347926 -0.0102072 0.00745907
1 0.496063 4.46457 3.47244 -0.0133543 0.0566284 0.0598735
1 1.48819 4.46457 3.47244 -0.0445277 0.0459085 -0.0748199
1 2.48031 4.46457 3.47244 -0.0343394 -0.0380346 -0.0694209
1 3.47244 4.46457 3.47244 -0.0270203 0.0189342 0.0542563
1 4.46457 4.46457 3.47244 0.0565153 -0.0431898 -0.043813
1 5.45669 4.46457 3.47244 0.00672553 -0.0346759 -0.0411795
1 6.44882 4.46457 3.47244 -0.0695244 0.016928 -0.0240002
1 7.44094 4.46457 3.47244 -0.0478774 -0.0655072 0.0479794
1 0.496063 5.45669 3.47244 -0.00964061 0.0140219 -0.0758093
1 1.48819 5.45669 3.47244 -0.0706641 -0.0336735 0.0103732
1 2.48031 5.45669 3.47244 -0.00190856 0.0239832 0.035863
1 3.47244 5.45669 3.47244 0.0161771 0.0661825 -0.0140466
1 4.46457 5.45669 3.47244 0.0558754 -0.0191399 -0.0612259
1 5.45669 5.45669 3.47244 -0.0156131 0.0344258 0.0608791
1 6.44882 5.45669 3.47244 0.0568368 0.0277667 -0.0396178
1 7.44094 5.45669 3.47244 -0.0294308 0.0136165 0.0317779
1 0.496063 6.44882 3.47244 0.00626526 0.0340667 -0.027706
1 1.48819 6.44882 3.47244 0.0449984 -0.0525255 -0.0736334
1 2.48031 6.44882 3.47244 -0.0758512 -0.0321329 0.0278439
1 3.47244 6.44882 3.47244 -0.00831732 0.00170345 0.0694251
1 4.46457 6.44882 3.47244 0.0668961 0.0245013 -0.0582083
1 5.45669 6.44882 3.47244 0.0620346 -0.0161086 -0.071075
1 6.44882 6.44882 3.47244 -0.0321178 -0.0711389 -0.0482445
1 7.44094 6.44882 3.47244 -0.0228701 -0.073593 -0.0507245
1 0.496063 7.44094 3.47244 0.0479769 0.0417621 0.049096
1 1.48819 7.44094 3.47244 -0.0335222 -0.0215796 -0.066227
1 2.48031 7.44094 3.47244 0.0185427 0.0682238 0.00133947
1 3.47244 7.44094 3.47244 0.062993 0.0240506 0.0470475
1 4.46457 7.44094 3.47244 0.00447898 -0.0152549 0.0124128
1 5.45669 7.44094 3.47244 -0.0316175 0.0678897 0.0357152
1 6.44882 7.44094 3.47244 0.0330536 0.000596125 -0.0620815
1 7.44094 7.44094 3.47244 -0.000676829 -0.070001 -0.0549478
1 0.496063 0.496063 4.46457 -0.0426266 0.00381475 0.0199112
1 1.48819 0.496063 4.46457 -0.0717793 -0.0678152 -0.043822
1 2.48031 0.496063 4.46457 0.0635086 0.0160398 0.0548017
1 3.47244 0.496063 4.46457 0.0371946 0.0598983 0.0550264
1 4.46457 0.496063 4.46457 0.0495972 -0.021552 0.0136155
1 5.45669 0.496063 4.46457 0.0207257 0.0304241 -0.0383547
1 6.44882 0.496063 4.46457 -0.0014391 -0.0273432 0.0232168
1 7.44094 0.496063 4.46457 0.0734553 0.0314922 0.0538711
1 0.496063 1.48819 4.46457 0.0685392 0.0535508 -0.0234089
1 1.48819 1.48819 4.46457 -0.0506717 0.0623111 0.0496361
1 2.48031 1.48819 4.46457 -0.0610921 -0.0260296 -0.0105787
1 3.47244 1.48819 4.46457 0.0215201 -0.0495137 0.0542181
1 4.46457 1.48819 4.46457 0.0235068 -0.0742655 0.0370689
1 5.45669 1.48819 4.46457 0.0339626 0.0449397 0.055522
1 6.44882 1.48819 4.46457 -0.0582429 -0.0683621 -0.0594124
1 7.44094 1.48819 4.46457 0.0446382 0.0660981 -0.0436072
1 0.496063 2.48031 4.46457 -0.0776575 0.0054217 0.0695399
1 1.48819 2.48031 4.46457 0.0126165 0.0226478 -0.0532882
1 2.48031 2.48031 4.46457 -0.00426799 0.0760774 0.0518288
1 3.47244 2.48031 4.46457 -0.00307521 0.0515653 0.0682617
1 4.46457 2.48031 4.46457 -0.036921 -0.0592694 -0.0306741
1 5.45669 2.48031 4.46457 -0.0179266 0.0196174 -0.0354574
1 6.44882 2.48031 4.46457 0.0637723 -0.0118484 -0.0777506
1 7.44094 2.48031 4.46457 0.0165952 0.0312635 0.0147737
1 0.496063 3.47244 4.46457 0.0724244 -0.00813091 -0.0343907
1 1.48819 3.47244 4.46457 -0.0516813 0.0333952 0.0379291
1 2.48031 3.47244 4.46457 -0.0471816 -0.0527428 0.0424843
1 3.47244 3.47244 4.46457 0.0414515 0.0415053 -0.0311707
1 4.46457 3.47244 4.46457 0.00696382 -0.0456326 -0.0559099
1 5.45669 3.47244 4.46457 0.0491922 -0.053735 0.0194
1 6.44882 3.47244 4.46457 -0.0494959 -0.0363756 -0.0639203
1 7.44094 3.47244 4.46457 0.0335354 0.0466739 -0.0349075
1 0.496063 4.46457 4.46457 0.0515385 0.0172117 -0.0203117
1 1.48819 4.46457 4.46457 -0.0324236 -0.0597313 0.0100491
1 2.48031 4.46457 4.46457 -0.0601673 -0.0248745 -0.0597648
1 3.47244 4.46457 4.46457 -0.0568113 0.0331945 0.0681876
1 4.46457 4.46457 4.46457 0.0651593 -0.0130281 -0.05221
1 5.45669 4.46457 4.46457 0.0702733 0.032613 -0.0388323
1 6.44882 4.46457 4.46457 -0.0201256 0.0419308 -0.034411
1 7.44094 4.46457 4.46457 -0.0607558 -0.0598623 -0.00767064
1 0.496063 5.45669 4.46457 0.0593968 0.00379492 -0.0581168
1 1.48819 5.45669 4.46457 -0.0445743 -0.052645 0.0244243
1 2.48031 5.45669 4.46457 0.0634615 -0.0763185 -0.00476889
1 3.47244 5.45669 4.46457 -0.064412 0.0516253 -0.00131573
1 4.46457 5.45669 4.46457 0.0596048 -0.0320246 -0.00382158
1 5.45669 5.45669 4.46457 -0.0634072 -0.0120819 0.0507372
1 6.44882 5.45669 4.46457 -0.00789628 0.0229996 0.0732998
1 7.44094 5.45669 4.46457 0.0434836 0.0345913 -0.065254
1 0.496063 6.44882 4.46457 0.0710586 0.0153552 0.0534394
1 1.48819 6.44882 4.46457 0.0436689 0.0307036 0.024754
1 2.48031 6.44882 4.46457 0.072059 -0.070475 -0.0248534
1 3.47244 6.44882 4.46457 0.0347556 -0.0750192 -0.0252127
1 4.46457 6.44882 4.46457 -0.0518217 0.0478851 -0.0631882
1 5.45669 6.44882 4.46457 0.0209407 -0.0177398 -0.00739172
1 6.44882 6.44882 4.46457 -0.0512713 0.0138276 -0.0675184
1 7.44094 6.44882 4.46457 0.0753186 -0.0142567 -0.0743267
1 0.496063 7.44094 4.46457 -0.0110831 0.0275022 -0.0491731
1 1.48819 7.44094 4.46457 -0.056757 -0.0770559 0.00967454
1 2.48031 7.44094 4.46457 0.0638897 -0.0574768 -0.0724273
1 3.47244 7.44094 4.46457 0.02653 0.0617954 0.0270004
1 4.46457 7.44094 4.46457 0.00467175 -0.0151981 -0.0199208
1 5.45669 7.44094 4.46457 0.0472622 -0.0284725 -0.0738164
1 6.44882 7.44094 4.46457 0.0599747 0.0365155 0.0325797
1 7.44094 7.44094 4.46457 0.046423 -0.0764909 -0.0476788
1 0.496063 0.496063 5.45669 0.0506608 0.0329404 0.0736158
1 1.48819 0.496063 5.45669 0.0290433 -0.0160241 0.00999279
1 2.48031 0.496063 5.45669 0.0336312 -0.0262128 -0.0618065
1 3.47244 0.496063 5.45669 -0.0541767 -0.0362947 0.0430905
1 4.46457 0.496063 5.45669 -0.0629754 -0.0316552 0.0684899
1 5.45669 0.496063 5.45669 0.0278032 0.0659977 0.0190361
1 6.44882 0.496063 5.45669 0.0654371 -0.0289576 -0.00986205
1 7.44094 0.496063 5.45669 0.0314071 -0.0408672 0.0643743
1 0.496063 1.48819 5.45669 0.0754987 0.00885646 -0.0196785
1 1.48819 1.48819 5.45669 -0.0759468 -0.0352271 -0.0719152
1 2.48031 1.48819 5.45669 -0.0100975 0.0482927 -0.0125861
1 3.47244 1.48819 5.45669 -0.0544438 -0.0128658 -0.013471
1 4.46457 1.48819 5.45669 -0.00570004 0.0455499 -0.0254888
1 5.45669 1.48819 5.45669 -0.0402467 0.0522282 -0.0776562
1 6.44882 1.48819 5.45669 0.0309313 -0.00969686 -0.0488671
1 7.44094 1.48819 5.45669 -0.0321638 -0.0517143 -0.027817
1 0.496063 2.48031 5.45669 0.0690256 0.0615212 0.0707099
1 1.48819 2.48031 5.45669 -0.0614029 0.0749788 0.0270822
1 2.48031 2.48031 5.45669 0.0137195 0.0196654 0.0629652
1 3.47244 2.48031 5.45669 0.027759 0.0529491 -0.0228999
1 4.46457 2.48031 5.45669 -0.0332239 0.0390313 -0.0305697
1 5.45669 2.48031 5.45669 0.0141514 -0.0414573 -0.021221
1 6.44882 2.48031 5.45669 -0.0163967 0.069691 0.0439465
1 7.44094 2.48031 5.45669 -0.0514888 -0.0172865 -0.0751631
1 0.496063 3.47244 5.45669 -0.0186009 -0.0395137 -0.058976
1 1.48819 3.47244 5.45669 0.00889902 -0.0563827 0.022032
1 2.48031 3.47244 5.45669 -0.0571679 0.0347541 0.0559145
1 3.47244 3.47244 5.45669 -0.0481118 0.0298106 0.076151
1 4.46457 3.47244 5.45669 0.0172548 -0.0425947 0.015428
1 5.45669 3.47244 5.45669 -0.0431378 -0.0686497 -0.0702962
1 6.44882 3.47244 5.45669 -0.0394596 -0.0110557 -0.0692085
1 7.44094 3.47244 5.45669 0.0608684 0.0351922 0.0326883
1 0.496063 4.46457 5.45669 0.0365407 -0.0473362 -0.0118548
1 1.48819 4.46457 5.45669 0.0730481 0.0411161 -0.0764881
1 2.48031 4.46457 5.45669 -0.0578667 0.0727502 0.0701747
1 3.47244 4.46457 5.45669 -0.0495467 0.0584503 -0.0659915
1 4.46457 4.46457 5.45669 0.0355821 -0.0471669 0.00124925
1 5.45669 4.46457 5.45669 0.00695886 0.052393 0.0049162
1 6.44882 4.46457 5.45669 -0.00168912 -0.016221 0.032831
1 7.44094 4.46457 5.45669 -0.0689795 0.017984 -0.0753857
1 0.496063 5.45669 5.45669 0.0571197 0.0208552 -0.0382744
1 1.48819 5.45669 5.45669 -0.00591723 0.0493015 -0.0442081
1 2.48031 5.45669 5.45669 0.0698526 -0.0234312 0.0428472
1 3.47244 5.45669 5.45669 0.0466173 0.0292575 0.0323278
1 4.46457 5.45669 5.45669 0.0367657 -0.0167953 0.0763271
1 5.45669 5.45669 5.45669 -0.0179682 -0.0606026 -0.0157253
1 6.44882 5.45669 5.45669 0.0634316 -0.000505012 0.0183156
1 7.44094 5.45669 5.45669 0.0202542 -0.0602539 0.000210042
1 0.496063 6.44882 5.45669 -0.00934037 -0.0504086 -0.0223662
1 1.48819 6.44882 5.45669 -0.0246629 0.00775606 0.0221132
1 2.48031 6.44882 5.45669 -0.0577975 -0.0235064 -0.0644113
1 3.47244 6.44882 5.45669 0.0215848 -0.0540621 -0.0468272
1 4.46457 6.44882 5.45669 0.0274485 -0.0334126 -0.0193107
1 5.45669 6.44882 5.45669 0.0384293 0.0204199 0.0117776
1 6.44882 6.44882 5.45669 -0.0762356 0.0669423 0.0670843
1 7.44094 6.44882 5.45669 -0.0517401 0.00336816 0.0237632
1 0.496063 7.44094 5.45669 0.0615239 0.0407602 0.0546128
1 1.48819 7.44094 5.45669 0.050334 -0.0166136 -0.0227205
1 2.48031 7.44094 5.45669 0.0717172 -0.0266809 0.024431
1 3.47244 7.44094 5.45669 0.031776 0.0725776 -0.0242062
1 4.46457 7.44094 5.45669 -0.0291648 -0.0446375 0.0485597
1 5.45669 7.44094 5.45669 0.0134708 0.0712111 0.0116162
1 6.44882 7.44094 5.45669 0.0635098 0.0680807 0.028179
1 7.44094 7.44094 5.45669 -0.0134663 0.0146413 -0.0567437
1 0.496063 0.496063 6.44882 0.0762105 -0.0413655 0.0644379
1 1.48819 0.496063 6.44882 0.0649403 -0.00403102 0.0774614
1 2.48031 0.496063 6.44882 -0.0039606 -0.0561479 0.0278609
1 3.47244 0.496063 6.44882 -0.014501 0.0764898 0.015186
1 4.46457 0.496063 6.44882 0.00759508 0.0150068 -0.0524503
1 5.45669 0.496063 6.44882 0.0475443 0.05637 0.0690635
1 6.44882 0.496063 6.44882 0.0187431 -0.00619789 -0.0638945
1 7.44094 0.496063 6.44882 0.0510853 -0.00795131 -0.0585611
1 0.496063 1.48819 6.44882 -0.0702334 -0.0425476 -0.0619476
1 1.48819 1.48819 6.44882 -0.00573913 0.0421478 0.0319757
1 2.48031 1.48819 6.44882 -0.0293116 0.0510555 0.0661167
1 3.47244 1.48819 6.44882 0.0419817 0.0022804 -0.00194501
1 4.46457 1.48819 6.44882 -0.012403 -0.0349614 0.0366885
1 5.45669 1.48819 6.44882 -0.0342987 -0.0337188 0.0434321
1 6.44882 1.48819 6.44882 -0.0381145 0.0639201 -0.00454959
1 7.44094 1.48819 6.44882 -0.0249724 -0.0701356 0.0340182
1 0.496063 2.48031 6.44882 0.0531333 -0.0766488 -0.0298452
1 1.48819 2.48031 6.44882 -0.0358244 0.0603604 -0.0349564
1 2.48031 2.48031 6.44882 -0.0751522 -0.0137379 -0.0138266
1 3.47244 2.48031 6.44882 0.0274242 -0.0733514 -0.0565752
1 4.46457 2.48031 6.44882 0.0452416 -0.0727247 -0.0125282
1 5.45669 2.48031 6.44882 -0.0608654 0.0675547 -0.011656
1 6.44882 2.48031 6.44882 0.021766 -0.0782955 0.0338538
1 7.44094 2.48031 6.44882 -0.0416171 -0.0252476 0.00258782
1 0.496063 3.47244 6.44882 0.0686521 0.0112319 -0.0379537
1 1.48819 3.47244 6.44882 -0.0224823 -0.0057827 -0.020477
1 2.48031 3.47244 6.44882 -0.0666771 0.0638441 0.0453722
1 3.47244 3.47244 6.44882 -0.0265878 0.0266883 0.0629367
1 4.46457 3.47244 6.44882 0.0130532 -0.0513622 0.0237487
1 5.45669 3.47244 6.44882 0.0636788 -0.00827675 -0.0384062
1 6.44882 3.47244 6.44882 0.0171842 0.0534446 -0.00142048
1 7.44094 3.47244 6.44882 -0.0650912 0.0707219 -0.0226554
1 0.496063 4.46457 6.44882 0.0644104 0.0411225 0.0381717
1 1.48819 4.46457 6.44882 -0.0250084 -0.0456673 0.0553791
1 2.48031 4.46457 6.44882 -0.000670936 -0.0272885 -0.0392617
1 3.47244 4.46457 6.44882 0.0449226 -0.0409785 -0.0643067
1 4.46457 4.46457 6.44882 0.0363928 -0.0413083 0.0547241
1 5.45669 4.46457 6.44882 -0.0419999 -0.0297924 0.0122269
1 6.44882 4.46457 6.44882 0.076546 0.0772203 -0.0785586
1 7.44094 4.46457 6.44882 0.0612853 0.0175838 -0.0631741
1 0.496063 5.45669 6.44882 0.0767506 0.0168993 -0.0141282
1 1.48819 5.45669 6.44882 0.0733047 0.00603658 -0.0321544
1 2.48031 5.45669 6.44882 -0.0642663 0.0678866 -0.0529599
1 3.47244 5.45669 6.44882 0.0154492 0.0701495 0.0656554
1 4.46457 5.45669 6.44882 0.0264315 0.0619295 0.00908168
1 5.45669 5.45669 6.44882 -0.0432811 -0.0376046 0.029784
1 6.44882 5.45669 6.44882 -0.0617647 0.0443219 -0.017818
1 7.44094 5.45669 6.44882 -0.0342019 -0.0570924 0.0149588
1 0.496063 6.44882 6.44882 -0.013721 0.0346035 -0.0462185
1 1.48819 6.44882 6.44882 0.0353698 0.0555388 0.0128974
1 2.48031 6.44882 6.44882 -0.0251533 0.00385948 -0.0369885
1 3.47244 6.44882 6.44882 0.0220101 0.0273475 -0.00680182
1 4.46457 6.44882 6.44882 -0.000804035 0.0621208 -0.047488
1 5.45669 6.44882 6.44882 -0.0396395 -0.0151578 -0.0717157
1 6.44882 6.44882 6.44882 -0.0753213 0.0275956 0.0402077
1 7.44094 6.44882 6.44882 0.0645263 -0.0727136 0.040179
1 0.496063 7.44094 6.44882 -0.0150994 0.0529234 -0.0115126
1 1.48819 7.44094 6.44882 0.0203907 -0.00792987 0.019648
1 2.48031 7.44094 6.44882 0.0589469 0.0655434 0.00117169
1 3.47244 7.44094 6.44882 -0.0778703 0.0683959 0.0494136
1 4.46457 7.44094 6.44882 0.0404952 -0.048501 -0.0113555
1 5.45669 7.44094 6.44882 0.0377618 0.0663526 0.00742357
1 6.44882 7.44094 6.44882 -0.0329496 0.0445271 0.0523971
1 7.44094 7.44094 6.44882 0.0617872 0.0431025 0.039385
1 0.496063 0.496063 7.44094 0.0386372 -0.00158455 -0.0153141
1 1.48819 0.496063 7.44094 -0.0640792 -0.0715247 -0.042321
1 2.48031 0.496063 7.44094 0.0168809 -0.00146454 0.00352549
1 3.47244 0.496063 7.44094 -0.0692963 -0.0130956 -0.02038
1 4.46457 0.496063 7.44094 0.0542507 -0.0529349 -0.0566162
1 5.45669 0.496063 7.44094 -0.0545004 -0.0135348 0.0732693
1 6.44882 0.496063 7.44094 -0.0113791 1.63976e-05 -0.0407357
1 7.44094 0.496063 7.44094 -0.00934345 0.019173 -0.0260383
1 0.496063 1.48819 7.44094 -0.0785297 0.0479404 0.0488427
1 1.48819 1.48819 7.44094 0.0698058 0.0676872 -0.0660369
1 2.48031 1.48819 7.44094 -0.00336044 0.064405 0.0332396
1 3.47244 1.48819 7.44094 0.0163617 -0.0511477 -0.0505758
1 4.46457 1.48819 7.44094 -0.0756717 0.0740112 -0.0646805
1 5.45669 1.48819 7.44094 -0.0727974 0.0575357 -0.00363611
1 6.44882 1.48819 7.44094 0.0715122 -0.0361094 -0.0153749
1 7.44094 1.48819 7.44094 0.0129867 -0.0510062 -0.0319319
1 0.496063 2.48031 7.44094 -0.0222667 -0.0143552 0.0161597
1 1.48819 2.48031 7.44094 0.00905163 0.0375565 0.0519542
1 2.48031 2.48031 7.44094 0.0512414 0.0678592 0.0721996
1 3.47244 2.48031 7.44094 -0.0523829 -0.0101342 -0.00476662
1 4.46457 2.48031 7.44094 -0.067654 -0.0736433 -0.0580807
1 5.45669 2.48031 7.44094 -0.0426876 -0.042542 -0.02553
1 6.44882 2.48031 7.44094 -0.0657172 -0.00446445 -0.0689551
1 7.44094 2.48031 7.44094 -0.0759325 -0.00523413 -0.0734825
1 0.496063 3.47244 7.44094 -0.0648573 -0.00265004 0.0111394
1 1.48819 3.47244 7.44094 -0.0587561 0.0568991 -0.0246805
1 2.48031 3.47244 7.44094 -0.0194066 -0.0211601 0.0745437
1 3.47244 3.47244 7.44094 -0.0111968 -0.0740056 -0.0329707
1 4.46457 3.47244 7.44094 0.0137417 0.0225177 -0.0632524
1 5.45669 3.47244 7.44094 -0.0503199 0.0237009 0.0273858
1 6.44882 3.47244 7.44094 -0.074316 -0.0117824 -0.00854269
1 7.44094 3.47244 7.44094 -0.0628304 0.0323508 -0.0400302
1 0.496063 4.46457 7.44094 0.0216195 0.0669149 0.00393299
1 1.48819 4.46457 7.44094 -0.0721549 -0.00534087 -0.0709213
1 2.48031 4.46457 7.44094 0.0594248 -0.0557844 -0.0388752
1 3.47244 4.46457 7.44094 0.0404599 -0.00696159 -0.0365942
1 4.46457 4.46457 7.44094 0.0574384 0.0300841 -0.032388
1 5.45669 4.46457 7.44094 -0.0141472 -0.0321138 -0.0159772
1 6.44882 4.46457 7.44094 0.0690546 0.00566823 -0.0735298
1 7.44094 4.46457 7.44094 0.0700625 0.0247754 0.0421936
1 0.496063 5.45669 7.44094 -0.0247746 0.0223861 -0.0622868
1 1.48819 5.45669 7.44094 -0.0151973 -0.0547592 -0.012331
1 2.48031 5.45669 7.44094 -0.0266161 0.00411399 0.0274729
1 3.47244 5.45669 7.44094 0.0596024 0.00908577 -0.0013241
1 4.46457 5.45669 7.44094 -0.0110866 0.00324494 0.0181142
1 5.45669 5.45669 7.44094 -0.0670449 0.0516818 -0.0382529
1 6.44882 5.45669 7.44094 -0.00721178 0.00826315 0.0728889
1 7.44094 5.45669 7.44094 0.0237944 0.0216163 0.00206702
1 0.496063 6.44882 7.44094 0.0428411 0.0744094 -0.0454997
1 1.48819 6.44882 7.44094 0.0253236 -0.0428513 0.0127973
1 2.48031 6.44882 7.44094 0.058925 -0.0145289 0.0324941
1 3.47244 6.44882 7.44094 0.0271093 0.0532201 0.00471772
