26
1 0.01005 0.01005 0.01005 -1 -1 -1
1 1 0.02005 0.02005 0 -1 -1
1 1.96995 0.03005 0.03005 1 -1 -1
1 0.04005 1 0.04005 -1 0 -1
1 1 1 0.05005 0 0 -1
1 1.93995 1 0.06005 1 0 -1
1 0.07005 1.92995 0.07005 -1 1 -1
1 1 1.91995 0.08005 0 1 -1
1 1.90995 1.90995 0.09005 1 1 -1
1 0.10005 0.10005 1 -1 -1 0
1 1 0.11005 1 0 -1 0
1 1.87995 0.12005 1 1 -1 0
1 0.13005 1 1 -1 0 0
1 1.85995 1 1 1 0 0
1 0.15005 1.84995 1 -1 1 0
1 1 1.83995 1 0 1 0
1 1.82995 1.82995 1 1 1 0
1 0.18005 0.18005 1.81995 -1 -1 1
1 1 0.19005 1.80995 0 -1 1
1 1.79995 0.20005 1.79995 1 -1 1
1 0.21005 1 1.78995 -1 0 1
1 1 1 1.77995 0 0 1
1 1.76995 1 1.76995 1 0 1
1 0.24005 1.75995 1.75995 -1 1 1
1 1 1.74995 1.74995 0 1 1
1 1.73995 1.73995 1.73995 1 1 1
